000010011 1.6
000010035 1.6
000010053 1.8
000010063 1.8
000010069 1.8
000010075 1.8
000010089 1.8
000010095 1.8
000010106 1.6
000010113 1
000010115 1.8
000010121 1.6
000010122 1.8
000010133 1.6
000010135 1.6
000010140 1.6
000010145 1.8
000010149 1.6
000010168 2
000010173 1.8
000030012 1.8
000030024 1.4
000030040 1.8
000030047 1.4
000030049 1.8
000030051 1.4
000030054 1.6
000030059 1.6
000030067 1.6
000030069 1.8
000030079 1.6
000030080 1.6
000030097 1.4
000030101 1.8
000030116 1.6
000030119 1.6
000030145 1.6
000030153 1.6
000030154 1.6
000030175 1.8
000050003 1.4
000050010 1.4
000050024 1.2
000050028 1.6
000050038 1.4
000050040 1.6
000050047 1.4
000050049 1.4
000050055 1.6
000050078 1.4
000050079 1.2
000050083 1
000050095 1.4
000050099 1.4
000050100 1.4
000050114 1.4
000050118 1
000050122 1
000050174 1.4
000050175 1.6
000060015 1.8
000060020 1.6
000060029 1.8
000060031 1.8
000060049 1.6
000060056 1.8
000060077 1.8
000060081 1.8
000060082 1.8
000060083 1.8
000060094 1.8
000060102 1.8
000060106 1.8
000060111 1.8
000060113 1.8
000060116 1.8
000060124 1.8
000060130 1.8
000060136 1.8
000060153 1.8
000240010 1.8
000240031 1.8
000240060 1.8
000240071 1.8
000240073 1.6
000240099 1.6
000240115 1.6
000240116 1.8
000240151 1.8
000240152 1.8
000240248 2
000240284 1.6
000240287 1.8
000240289 1.4
000240320 1.8
000240323 1.4
000240324 1.8
000240329 1.6
000240350 1.6
000240352 1.6
000260001 1.2
000260011 1.6
000260015 1.8
000260032 1.6
000260033 1.6
000260039 1.8
000260048 1.6
000260050 1.8
000260052 1.8
000260069 1.4
000260075 1.6
000260091 1.6
000260095 1.6
000260096 1.8
000260112 1.8
000260115 1.6
000260121 1.8
000260126 1.8
000260133 1.8
000260166 1.8
000360013 1.8
000360034 1.6
000360036 1.6
000360132 1.6
000360133 1.6
000360161 1.4
000360190 1.6
000360210 1.6
000360223 1.4
000360241 1.6
000360264 1.4
000360283 1.6
000360313 1.6
000360314 1.6
000360332 1.6
000360334 1.6
000360339 1.6
000360343 1.6
000360360 1.4
000360378 1.6
000440005 1.2
000440021 1.4
000440032 1.6
000440035 1.4
000440043 1.4
000440045 1.6
000440049 1.6
000440062 1.4
000440082 1
000440089 1.6
000440090 1.6
000440099 1.2
000440104 1
000440126 1.4
000440132 1.4
000440145 1.4
000440147 1.2
000440163 1.2
000440173 1.4
000440175 0.8
000480010 1.4
000480014 1
000480015 1.4
000480016 1.2
000480019 1.4
000480023 1.2
000480033 1
000480045 1.4
000480068 1.4
000480081 1
000480089 1.4
000480090 0.8
000480108 1
000480119 1.4
000480125 0.8
000480134 1
000480136 0.8
000480151 1.2
000480158 1.4
000480159 1.4
000490002 1.6
000490017 1.4
000490032 1.6
000490047 1.6
000490052 1.8
000490086 1.4
000490087 1.4
000490088 1.6
000490092 1.6
000490097 1.2
000490101 1.4
000490102 1.6
000490117 1.4
000490134 1.6
000490144 1.4
000490151 1.6
000490157 1.6
000490162 1.6
000490164 1.6
000490175 1.6
000530003 1.6
000530006 1.6
000530019 1.6
000530027 1.4
000530030 1.6
000530037 1.6
000530054 1.6
000530055 1.8
000530060 1.4
000530063 1.2
000530076 1.4
000530077 1.4
000530094 1.6
000530109 1.4
000530112 1.4
000530115 1.6
000530145 0.8
000530154 1.6
000530163 1.4
000530174 1.6
000540001 1.6
000540004 1.4
000540014 1.6
000540018 1.6
000540031 1.6
000540054 1.8
000540055 1.6
000540058 1.6
000540062 1
000540072 1.6
000540077 1.6
000540088 1.6
000540106 1.4
000540111 1.6
000540117 1.6
000540123 1.4
000540127 1.6
000540130 1.6
000540156 1.6
000540163 1.6
000560016 1.4
000560017 1.4
000560026 1.2
000560030 1.4
000560033 1.6
000560038 1.2
000560058 1.2
000560068 1.4
000560074 1.6
000560075 1.6
000560084 1.4
000560086 1.4
000560088 1.6
000560116 1.4
000560117 1.2
000560134 1.4
000560154 1.4
000560159 1.2
000560162 1.2
000560172 1.4
000700008 1.6
000700010 1.4
000700012 1.4
000700015 1.4
000700019 1.4
000700034 1.6
000700037 1.4
000700046 1.6
000700048 1.6
000700053 1.6
000700063 1.2
000700065 1
000700082 1.6
000700109 1.6
000700120 1.6
000700123 1.6
000700130 1.4
000700151 1.6
000700156 1.2
000700174 1.6
000750005 1.6
000750015 1.6
000750020 1.4
000750024 1.4
000750026 1.4
000750029 1.6
000750045 1.4
000750068 1.2
000750080 1.4
000750082 1.4
000750085 1.6
000750091 1.6
000750101 1.6
000750106 1.6
000750108 1.4
000750123 1.6
000750128 1
000750134 1.2
000750140 1.6
000750149 1.4
000920002 0.8
000920009 1.6
000920010 1.4
000920025 1.6
000920040 1.6
000920051 1.6
000920055 1.6
000920074 1.6
000920092 1.4
000920094 1.4
000920099 1.6
000920104 1.4
000920122 1.6
000920126 1.6
000920129 1.4
000920134 1.4
000920136 1.6
000920149 1.2
000920167 1.4
000920173 1.4
000930005 1.6
000930014 1.4
000930018 1.4
000930026 1.8
000930035 1.6
000930040 1.6
000930048 1.4
000930050 1.6
000930051 1.6
000930056 1.6
000930089 1.6
000930091 1.4
000930095 1.4
000930099 1.6
000930101 1.6
000930111 1.6
000930148 1.4
000930151 1.4
000930155 1.6
000930162 1.6
000940012 1.8
000940015 1.8
000940021 1.8
000940027 2
000940032 1.8
000940042 1.6
000940049 1.6
000940067 1.8
000940068 1.8
000940073 1.6
000940074 1.8
000940086 1.8
000940093 1.4
000940102 1.8
000940103 1.8
000940122 1.8
000940133 1.8
000940147 1.8
000940150 1.8
000940173 1.8
000960002 1.6
000960008 1.4
000960019 1.4
000960040 1.2
000960043 1.4
000960046 1.6
000960048 1
000960049 1.4
000960050 1.6
000960052 1.4
000960054 1.4
000960066 1.4
000960071 1.4
000960073 1.4
000960084 1.2
000960090 1.2
000960093 1.4
000960136 1.6
000960167 1.6
000960168 1.6
001030008 1.8
001030013 1.6
001030032 1.6
001030048 1.6
001030053 1.8
001030054 1.8
001030060 1.6
001030061 1.6
001030065 1.8
001030077 1.6
001030078 1.6
001030090 1.6
001030099 1.6
001030102 1.6
001030103 1.6
001030121 1.6
001030136 1.6
001030143 1.6
001030144 1.6
001030155 1.8
001040022 1.6
001040026 1.6
001040038 1.4
001040050 1.6
001040062 1.6
001040067 1.6
001040069 1.6
001040071 1.6
001040073 1.6
001040100 1.6
001040104 1.6
001040106 1.4
001040108 1.2
001040115 1.4
001040120 1.6
001040122 1.4
001040134 1.6
001040136 1.6
001040149 1.4
001040173 1.6
001110009 1.4
001110023 1.6
001110039 1.6
001110040 1.8
001110047 1.6
001110056 1.2
001110060 1.4
001110067 1.4
001110072 1.6
001110076 1.4
001110094 1.4
001110099 1.6
001110114 1.6
001110122 1.2
001110129 1.4
001110135 1.4
001110137 1.4
001110141 1.4
001110151 1.6
001110173 1.4
001120010 1.8
001120013 0.8
001120024 0.8
001120031 1.6
001120038 1.6
001120063 1.4
001120078 1.4
001120090 1.6
001120097 1.2
001120098 1.4
001120101 1.4
001120105 1
001120119 1.2
001120130 1.4
001120136 1.4
001120141 1.2
001120148 1.2
001120156 1.4
001120159 1.6
001120162 1.6
001130002 1.4
001130005 1.6
001130019 1.6
001130021 1.4
001130023 1.4
001130024 1.4
001130039 1.6
001130047 1.6
001130054 1.4
001130073 1.4
001130074 1.6
001130082 1.6
001130087 1.4
001130102 1.4
001130118 1.4
001130123 1.4
001130138 1.6
001130155 1.6
001130168 1.6
001130173 1.6
001140008 1.8
001140045 1.8
001140046 2
001140049 1.8
001140054 1.8
001140056 1.8
001140059 1.6
001140064 1.8
001140068 1.8
001140099 1.4
001140100 1.4
001140104 1.6
001140108 1.4
001140120 1.6
001140130 1.4
001140133 1.6
001140140 1.4
001140146 1.6
001140159 1.6
001140163 1.6
001200015 1.6
001200016 1.4
001200050 1.6
001200081 1.8
001200098 1.4
001200103 1.8
001200114 1.6
001200121 1.8
001200126 1.8
001200145 1.6
001200146 1.8
001200159 1.6
001200161 1.8
001200162 1.8
001200168 1.8
001200209 1.8
001200210 1.6
001200306 1.8
001200338 1.6
001200350 1.8
001220013 1.4
001220015 1.4
001220021 1.6
001220031 1.4
001220034 1.4
001220037 1.2
001220038 1.6
001220051 1.6
001220068 1.4
001220093 1.4
001220101 1.4
001220104 1.4
001220127 1.2
001220129 1.4
001220137 1.4
001220138 1.2
001220159 1.4
001220163 1.2
001220166 1.6
001220168 1.4
001310020 1.6
001310022 1.6
001310023 1.6
001310061 1.6
001310062 1.6
001310076 1.6
001310078 1.6
001310081 1.6
001310096 1.6
001310122 1.4
001310123 1.4
001310129 1.6
001310144 1.4
001310148 1.8
001310152 1.4
001310154 1.6
001310155 1.8
001310162 0.8
001310165 1.6
001310168 1.4
001330002 1.6
001330027 1.6
001330033 1.4
001330057 1.6
001330067 1.6
001330068 1.6
001330075 1.4
001330097 1.4
001330099 1.4
001330112 1.4
001330115 1.4
001330118 1.4
001330126 1.6
001330128 1.6
001330129 1.2
001330143 1.2
001330146 1.6
001330155 1
001330170 1.6
001330172 1.6
001350002 1.6
001350091 1.6
001350119 1.6
001350124 1.8
001350134 1.8
001350163 1.8
001350174 1.6
001350180 1.8
001350194 1.8
001350216 1.8
001350219 1.8
001350243 2
001350285 2
001350312 1.8
001350317 1.8
001350318 1.6
001350343 1.8
001350350 2
001350356 1.6
001350375 1.8
001450037 1.6
001450043 1.4
001450049 1.4
001450051 1.2
001450063 1
001450070 1.4
001450083 1.4
001450090 1.4
001450094 1.4
001450098 1.4
001450109 1
001450116 1.2
001450140 1.2
001450142 1.6
001450146 1.8
001450159 1.4
001450170 1.4
001450171 1.4
001450172 1.4
001450173 1.6
001490002 1.4
001490016 1.6
001490024 1.6
001490032 1.8
001490039 1.6
001490045 1.4
001490052 1.4
001490056 1.6
001490077 1.6
001490080 1.4
001490093 1.6
001490101 1.6
001490109 1.2
001490127 1.4
001490131 1.4
001490138 1.4
001490153 1.6
001490155 1.6
001490161 1.4
001490171 1.4
001570024 1.6
001570030 1.8
001570034 1.8
001570061 1.8
001570072 1.8
001570100 1.8
001570165 1.8
001570185 1.8
001570194 1.8
001570203 1.8
001570212 1.8
001570216 1.8
001570269 1.8
001570272 1.8
001570290 1.8
001570316 1.6
001570324 1.8
001570325 1.6
001570361 1.8
001570378 1.8
003060002 0.8
003060017 1
003060025 0.6
003060028 1.2
003060064 1.2
003060087 1
003060107 0.8
003060161 1
003060186 1.2
003060226 1.4
003060229 1.2
003060235 1.4
003060245 1.2
003060259 1
003060263 1
003060285 1
003060291 1.2
003060306 1
003060319 1.2
003060337 1.2
004570010 0.6
004570071 1.4
004570074 1.4
004570106 1.4
004570124 1.2
004570129 1.4
004570137 1.2
004570145 1.2
004570146 1.2
004570167 1.4
004570237 0.8
004570256 1
004570259 1.4
004570268 1.2
004570283 1.2
004570289 1.4
004570300 1.4
004570304 1.4
004570306 1.2
004570374 1.2
004610037 1.2
004610054 1.4
004610065 0.8
004610129 1.2
004610148 1.6
004610151 1.4
004610176 1.4
004610177 1.6
004610182 1.2
004610227 1
004610230 1.4
004610231 1.4
004610238 1.4
004610239 1.4
004610246 1.4
004610266 1.2
004610290 1
004610298 1.2
004610362 1.4
004610373 1
004820005 1.8
004820015 1.6
004820041 1.8
004820045 1.8
004820055 1.8
004820114 1.6
004820119 1.6
004820144 1.8
004820201 1.6
004820214 1.8
004820220 1.8
004820239 1.6
004820258 1.4
004820265 1.8
004820268 1.4
004820329 1.8
004820353 1.6
004820370 0.8
004820371 1.6
004820378 1.6
005600015 1.2
005600060 1.4
005600065 1.4
005600129 1.2
005600145 1.6
005600146 1.4
005600153 1.6
005600154 1.4
005600180 1.4
005600199 1.4
005600205 1.2
005600212 1.4
005600214 1.2
005600268 1.4
005600294 1.4
005600296 1
005600298 1.4
005600318 1.2
005600365 1.4
005600370 1.4
005630017 1.4
005630044 1.2
005630072 1.2
005630081 1.4
005630122 1.4
005630127 1.4
005630142 1.4
005630147 1.4
005630151 1.2
005630160 1.2
005630169 1.4
005630195 1.4
005630225 1.4
005630267 1.4
005630284 1.4
005630291 1.4
005630302 1.4
005630315 1.2
005630330 1.4
005630375 1.4
005670043 1.2
005670055 1.2
005670113 1.2
005670122 1.4
005670125 1
005670137 1.4
005670147 1.2
005670155 1
005670159 1.4
005670160 1.4
005670189 1.4
005670198 1.4
005670282 1.2
005670289 1.4
005670292 1.2
005670303 1
005670310 1.4
005670320 1.2
005670348 1.2
005670356 1
005750059 1.2
005750067 1.4
005750089 1.4
005750099 1.2
005750150 1.4
005750168 1.4
005750178 1.4
005750179 1.4
005750237 1.4
005750249 1.4
005750268 1.2
005750270 1.2
005750290 1.4
005750297 1.4
005750298 1.4
005750300 1.2
005750303 1.4
005750321 1.4
005750330 1.4
005750347 1.2
005940019 1.4
005940025 1.4
005940141 1.4
005940142 1.4
005940164 1.2
005940174 1.4
005940193 1.4
005940195 0.8
005940234 1
005940237 1.2
005940238 1.2
005940252 1.2
005940263 1.2
005940267 0.6
005940271 1.4
005940283 1.4
005940304 1.6
005940318 1.2
005940373 1.2
005940380 0.6
007360004 1.2
007360006 1
007360036 1.2
007360045 1.2
007360055 1
007360108 0.6
007360181 1.2
007360196 1.2
007360205 1.6
007360212 1.2
007360233 1
007360247 1
007360249 0.8
007360250 1.4
007360280 1.2
007360281 1.2
007360296 1.2
007360299 1
007360305 0.8
007360374 1.2
007390013 1
007390019 0.8
007390062 1.2
007390070 1.2
007390072 1.4
007390092 1.4
007390119 1.4
007390120 1.4
007390139 1.2
007390160 1.2
007390195 1.2
007390197 1.2
007390208 1.2
007390211 1.2
007390220 1.2
007390228 1.4
007390238 1.2
007390281 1.2
007390294 1.4
007390355 1.2
007650036 1.2
007650061 1
007650076 1
007650078 1
007650084 1.2
007650089 1.2
007650116 1.2
007650131 1.2
007650174 1.2
007650181 1.4
007650192 1.4
007650197 1.4
007650254 1.4
007650271 1.4
007650294 1.2
007650337 1.4
007650346 1.4
007650352 1.4
007650369 1.2
007650377 1.4
008110043 1.8
008110049 1.6
008110106 1.8
008110107 1.8
008110110 1.6
008110113 1.8
008110116 1.8
008110147 1.8
008110159 1.8
008110175 1.8
008110204 1.8
008110209 1.8
008110224 1.8
008110247 1.6
008110258 1.8
008110286 1.8
008110287 1.6
008110307 1.8
008110340 1.6
008110371 1.8
008130061 1.8
008130081 1.8
008130091 1.8
008130100 1.8
008130153 1.8
008130196 1.8
008130222 1.8
008130233 1.8
008130257 1.8
008130271 1.8
008130281 1.8
008130282 1.8
008130283 1.8
008130288 1.8
008130301 1.8
008130339 1.8
008130340 1.8
008130346 1.6
008130356 1.8
008130380 1.8
009600062 1.4
009600113 1.4
009600118 1.4
009600120 1.4
009600127 1.6
009600129 1.6
009600133 1.4
009600140 1.6
009600186 1.6
009600190 1.4
009600205 1.4
009600215 1.4
009600262 1.4
009600267 1.6
009600270 1.6
009600287 1.4
009600335 1.2
009600337 1
009600338 1.4
009600343 1.4
009810029 1.6
009810073 1.4
009810075 1.4
009810106 1.6
009810112 1.4
009810153 1.4
009810155 1.4
009810196 1.4
009810200 1.4
009810204 1.6
009810230 1.4
009810235 1.6
009810249 1.4
009810258 1.2
009810283 1.6
009810293 1.6
009810305 1.6
009810327 1.4
009810344 1.4
009810349 1.6
010120008 1.8
010120059 1.6
010120071 1.6
010120128 1.8
010120148 1.6
010120166 1.6
010120180 1.6
010120193 1.8
010120200 1.6
010120208 1.8
010120212 1.6
010120219 1.6
010120243 1.6
010120255 1.8
010120265 1.6
010120269 1.6
010120303 1.6
010120334 1.8
010120335 1.8
010120374 1.8
010270117 1.6
010270124 1.6
010270131 1.8
010270140 1.8
010270170 1.8
010270198 1.8
010270226 1.8
010270238 1.8
010270265 1.8
010270268 1.8
010270294 1.6
010270301 1.6
010270306 1.6
010270314 1.8
010270349 1.8
010270354 1.6
010270356 1.6
010270366 1.8
010270368 1.8
010270377 1.6
010290003 1.6
010290066 1.6
010290094 1.8
010290096 1.8
010290123 1.6
010290152 1.8
010290179 1.8
010290189 1.8
010290229 1.8
010290236 1.8
010290252 1.8
010290260 1.8
010290276 1.8
010290287 1.8
010290294 1.8
010290320 1.8
010290330 1.8
010290341 1.8
010290361 1.6
010290362 1.6
010300003 1.8
010300105 1.6
010300106 1.8
010300123 1.8
010300128 1.6
010300133 1.8
010300153 1.8
010300157 1.8
010300159 1.8
010300169 1.6
010300194 1.8
010300216 1.6
010300217 1.8
010300236 1.8
010300275 1.8
010300282 1.8
010300298 1.8
010300316 1.8
010300325 1.8
010300328 1.8
010330026 1.8
010330033 1.6
010330035 1.8
010330052 1.6
010330053 1.8
010330085 1.8
010330103 1.8
010330129 1.6
010330139 1.6
010330147 1.8
010330197 1.8
010330206 1.8
010330235 1.6
010330241 1.8
010330257 1.8
010330268 1.8
010330277 1.6
010330325 1.6
010330345 1.8
010330346 1.8
010370025 1.6
010370070 1.6
010370099 1.6
010370102 1.8
010370131 1.6
010370140 1.6
010370202 1.6
010370204 1.8
010370216 1.6
010370217 1.6
010370232 1.8
010370234 1.8
010370246 1.8
010370251 1.8
010370253 1.8
010370265 1.8
010370290 1.6
010370309 1.8
010370352 1.8
010370380 1.8
010390004 1.6
010390027 1.6
010390039 1.8
010390041 1.8
010390064 1.8
010390126 1.6
010390166 1.8
010390170 1.8
010390175 1.6
010390183 1.8
010390189 1.8
010390216 1.6
010390218 1.8
010390244 1.6
010390257 1.8
010390269 1.8
010390285 1.6
010390303 1.6
010390341 1.6
010390366 1.8
010420022 1.4
010420023 1.6
010420025 1.6
010420034 1.6
010420040 1.4
010420047 1.8
010420059 1.4
010420060 1.6
010420064 1.4
010420102 1.4
010420105 1.6
010420107 1.4
010420129 1.4
010420133 1.6
010420134 1.4
010420143 1.4
010420151 1.4
010420157 1.4
010420167 1.4
010420175 1.6
010440006 1.6
010440008 1.4
010440012 1.4
010440017 1.6
010440038 1.8
010440039 1.6
010440053 1.6
010440064 1.6
010440077 1.4
010440093 1.4
010440099 1.8
010440106 1.6
010440107 1.4
010440117 1.6
010440119 1.6
010440120 1.6
010440127 1.6
010440149 1.8
010440150 1.8
010440154 1.8
010460017 1.2
010460020 1.4
010460030 1.4
010460034 1.6
010460041 1.4
010460050 1.4
010460053 1.6
010460061 1.4
010460066 1.4
010460079 1.6
010460088 1.4
010460111 1.6
010460114 1.2
010460120 1.2
010460149 1.2
010460152 1.6
010460153 0.8
010460155 1.2
010460158 1.6
010460162 1.4
010500012 1.4
010500018 1.2
010500028 1
010500058 1
010500071 1.6
010500073 1.4
010500083 1.4
010500085 1.4
010500089 1.4
010500090 1.4
010500100 1.4
010500108 1.4
010500110 1.6
010500113 1.4
010500131 1.6
010500147 1.4
010500149 1.4
010500152 1.6
010500163 1.6
010500167 1.6
010610015 1.6
010610017 1.4
010610024 1.4
010610025 1.4
010610035 1.4
010610057 1.4
010610067 1.2
010610069 1.4
010610073 1.4
010610080 1.6
010610087 1.4
010610094 1.4
010610099 1.2
010610102 1.4
010610113 1.4
010610114 1.4
010610129 1.2
010610151 1.2
010610165 1.4
010610171 1.4
010640005 1.4
010640017 1.4
010640028 1.4
010640034 1.4
010640036 1.4
010640056 1
010640082 1.4
010640098 1.4
010640166 1.4
010640210 1.4
010640212 1.4
010640242 1.6
010640250 1.6
010640277 1.6
010640280 1.4
010640284 1.6
010640286 1.6
010640297 1.4
010640314 1.4
010640366 1
010750002 1.6
010750003 1.4
010750010 1.8
010750011 1.4
010750021 1.4
010750024 1.6
010750026 1.8
010750035 1.4
010750043 1.8
010750060 1.4
010750062 1.4
010750072 1.2
010750094 1.2
010750097 1.6
010750099 1.6
010750102 1.4
010750104 1.4
010750117 1.6
010750163 1.4
010750168 1.4
010760001 1.4
010760002 1.4
010760013 1.4
010760032 1.2
010760038 1.2
010760046 1.4
010760060 1.4
010760062 1.4
010760067 1.4
010760076 1.2
010760079 1.2
010760089 0.6
010760097 1.2
010760108 1.4
010760111 0.6
010760116 1.2
010760136 1
010760151 1.4
010760162 1.4
010760169 1.4
010920012 1.4
010920024 1.2
010920025 1
010920030 1.4
010920032 1.4
010920033 1.2
010920043 1.4
010920044 1.6
010920065 1.2
010920070 1.2
010920075 1.6
010920101 1.6
010920105 1.4
010920125 0.8
010920126 1.4
010920138 1
010920141 1.4
010920153 1.4
010920159 1.4
010920165 1.6
010990020 1.8
010990048 1.8
010990060 1.8
010990063 1.8
010990082 1.6
010990087 1.8
010990123 1.8
010990139 1.8
010990162 1.8
010990165 1.8
010990188 1.6
010990202 1.8
010990218 1.8
010990239 1.8
010990260 1.8
010990267 1.8
010990276 1.8
010990279 1.6
010990291 1.8
010990313 1.6
011090011 1.4
011090020 1.4
011090034 1.4
011090089 1.4
011090140 1.4
011090154 1.4
011090184 1.4
011090220 1.4
011090235 1.4
011090246 1.4
011090273 1.4
011090277 1.4
011090292 1.4
011090295 1.4
011090320 1.2
011090329 1.4
011090333 1.4
011090334 1.4
011090335 1.4
011090359 1.4
011350001 1.4
011350026 1.4
011350027 1.2
011350064 1.4
011350116 1.4
011350141 1.4
011350158 1.4
011350173 1.4
011350190 1.2
011350215 1.2
011350218 1.2
011350221 1.4
011350225 1.4
011350249 1.2
011350257 1.2
011350290 1.2
011350303 1.4
011350318 1.2
011350345 1.2
011350374 1.4
011560005 1.6
011560058 1.8
011560063 1.8
011560068 1.6
011560072 1.8
011560075 1.8
011560086 1.8
011560100 1.6
011560117 1.8
011560184 1.8
011560192 1.8
011560202 1.8
011560257 1.8
011560269 1.8
011560275 1.8
011560289 1.8
011560320 1.8
011560353 1.8
011560354 1.8
011560372 1.8
011810063 1.6
011810067 1.2
011810133 1.6
011810162 1.4
011810168 1.4
011810173 1.4
011810184 1.4
011810197 1.2
011810206 1.2
011810213 1.2
011810214 1.4
011810222 1.4
011810246 1.6
011810247 1.6
011810279 1.4
011810280 1.4
011810284 1.2
011810314 1.4
011810334 1.4
011810377 1.4
011860256 1.2
011860263 1.2
011860264 1.4
011860284 1.4
011860285 1
011860287 1.4
011860292 1.2
011860298 1.2
011860301 1.2
011860308 1.2
011860317 1.2
011860332 1.4
011860335 1.2
011860346 1.4
011860359 1.6
011860361 1.4
011860363 0.8
011860372 1.4
011860373 1
011860377 1
011970004 1.4
011970006 1.4
011970019 1.4
011970023 1.4
011970036 1.8
011970042 1.8
011970075 1.6
011970081 1.4
011970087 1.4
011970088 1.4
011970092 1.4
011970095 1.6
011970107 1.4
011970132 1.2
011970141 1.4
011970142 1.6
011970145 1.4
011970165 1.6
011970173 1.6
011970175 1.4
012030007 1.6
012030010 1.6
012030013 1.4
012030024 1.6
012030027 1.4
012030031 1.8
012030032 1.6
012030036 1.6
012030043 1.8
012030044 1.8
012030053 1.2
012030055 1.4
012030058 1.4
012030072 1.6
012030078 1.4
012030083 1.6
012030093 1.6
012030097 1.6
012030116 1.6
012030138 1.4
012280016 0.6
012280033 1.4
012280053 1.4
012280054 1.4
012280161 1.6
012280173 1.4
012280198 1.2
012280201 1.4
012280206 1.6
012280243 1.4
012280261 1.2
012280262 1.6
012280276 1.6
012280288 1.6
012280308 1.4
012280343 1.6
012280345 1.4
012280355 1.4
012280366 1.4
012280375 1.6
012600017 1.4
012600072 1.4
012600082 1.6
012600129 1.4
012600131 1.6
012600177 1.4
012600186 1.4
012600210 1.4
012600219 1.4
012600224 1.6
012600251 1.4
012600252 1.4
012600263 1.4
012600281 1.4
012600295 1.4
012600330 1.6
012600338 1.4
012600345 1.4
012600357 1.4
012600368 1.4
012920007 1.6
012920027 1.4
012920054 1.8
012920062 1.6
012920073 1.4
012920085 1.6
012920110 1.4
012920121 1.8
012920143 1.6
012920146 1.6
012920155 1.6
012920158 1.6
012920214 1.6
012920254 1.8
012920259 1.6
012920268 1.4
012920270 1.6
012920299 1.6
012920301 1.8
012920368 1.4
012930008 1.4
012930012 1.6
012930028 1.6
012930036 1.8
012930037 1.6
012930040 1.6
012930051 1.8
012930067 1.4
012930079 1.8
012930097 1.6
012930114 1.6
012930127 1.6
012930139 1.6
012930155 1.6
012930195 1.8
012930225 1.8
012930240 1.8
012930261 1.6
012930266 1.8
012930315 1.8
013090018 1.6
013090027 1.6
013090041 1.6
013090051 1.4
013090076 1.6
013090105 1.6
013090128 1.6
013090147 1.6
013090148 1.6
013090160 1.6
013090179 1.6
013090181 1.8
013090184 1.6
013090185 1.6
013090202 1.6
013090232 1.4
013090267 1.6
013090287 1.4
013090339 1.6
013090364 1.4
013340007 1.6
013340034 1.6
013340046 1.4
013340091 1.4
013340137 1.6
013340147 1.4
013340159 1.6
013340204 1.4
013340217 1.4
013340243 1.6
013340245 1.4
013340255 1.4
013340259 1.4
013340277 1.8
013340291 1.4
013340297 1.4
013340313 1.6
013340345 1.4
013340375 1.4
013340378 1.4
013360001 0.8
013360002 1.6
013360016 1.4
013360082 1.4
013360123 1.6
013360130 1.4
013360140 1.6
013360145 1.4
013360146 1.4
013360161 1.4
013360162 1.2
013360171 1.4
013360226 1.6
013360234 1.4
013360235 1.6
013360257 1.6
013360263 1.4
013360268 1.4
013360360 1.4
013360363 1.6
013620027 1.4
013620030 1.4
013620106 1.4
013620108 1.4
013620128 1.6
013620137 1.4
013620140 1.6
013620143 1.4
013620146 1.8
013620162 1.6
013620175 1.4
013620184 1.4
013620185 1.4
013620210 1.4
013620241 1.6
013620257 1.4
013620258 1.6
013620292 1.4
013620361 1.4
013620366 1.6
013720023 1.8
013720051 1.4
013720070 1.6
013720082 1.6
013720140 1.4
013720152 1.4
013720153 1.4
013720167 1.4
013720182 1.4
013720189 1.4
013720198 1.4
013720199 1.4
013720201 1.4
013720215 1.4
013720233 1.6
013720256 1.4
013720274 1.4
013720275 1.8
013720311 1.6
013720360 1.4
014040005 1
014040013 1.2
014040027 1
014040028 1.4
014040052 0.2
014040072 1
014040081 0.4
014040088 0
014040089 0
014040090 0
014040096 0.6
014040097 0.2
014040109 1.2
014040111 0.6
014040122 0
014040124 1.4
014040145 1.2
014040148 0
014040152 1.4
014040155 1.2
014070040 1.4
014070080 1.6
014070092 1.4
014070101 1.4
014070159 1.4
014070207 1.4
014070217 1.4
014070239 1.4
014070248 1.4
014070265 1.4
014070270 1.4
014070281 1.4
014070297 1.4
014070304 1.4
014070308 1.4
014070336 1.2
014070341 1.2
014070343 1.4
014070349 1.4
014070358 1.4
014080008 1.4
014080073 1.4
014080091 1.4
014080103 1.4
014080117 1.6
014080134 1.6
014080149 1.6
014080178 1.4
014080201 1.6
014080243 1.4
014080270 1.6
014080279 1.4
014080301 1.6
014080333 1.6
014080336 1.6
014080337 1.6
014080339 1.6
014080358 1.4
014080361 1.4
014080362 1.6
014180002 1.6
014180008 1.4
014180011 1.6
014180013 1.6
014180044 1.4
014180051 1.6
014180063 1.6
014180077 1.6
014180084 1.6
014180088 1.6
014180100 1.6
014180131 1.4
014180139 1.6
014180143 1.2
014180150 1.8
014180155 1.8
014180158 1.8
014180160 1.6
014180165 1.6
014180166 1.6
014190006 1.6
014190025 1.2
014190027 1.4
014190030 1.4
014190055 1.4
014190059 1.8
014190060 1
014190062 0.8
014190064 1.4
014190071 1.8
014190073 1.4
014190081 1.4
014190088 1.6
014190095 1.4
014190098 1.2
014190107 1.6
014190108 1.4
014190114 1.6
014190128 1.4
014190172 1.4
014200011 2
014200060 1.8
014200076 1.8
014200086 1.6
014200087 1.8
014200124 1.6
014200161 1.6
014200177 1.6
014200206 1.6
014200207 1.6
014200229 2
014200238 1.6
014200246 1.8
014200272 1.6
014200295 1.8
014200296 1.8
014200339 1.6
014200342 1.8
014200353 1.8
014200357 1.8
014220001 0.8
014220003 1.4
014220021 1
014220027 1.4
014220038 1.6
014220044 1
014220048 0.6
014220058 0.8
014220066 1.4
014220068 1.4
014220070 0.4
014220081 0.8
014220087 1
014220102 0.6
014220115 0.8
014220140 0.6
014220142 0.8
014220159 1
014220160 1.4
014220167 1.6
014350004 1.6
014350012 1.4
014350016 1.4
014350017 1.2
014350018 1.2
014350020 1.6
014350022 1.6
014350028 1.4
014350085 1.4
014350094 1.6
014350103 0.8
014350110 1.6
014350127 1
014350133 0.6
014350146 0.8
014350153 1.6
014350157 1.8
014350158 1.6
014350163 1.8
014350165 1.6
014390008 1.6
014390009 1.6
014390045 1.6
014390051 1.4
014390052 1.6
014390057 1.4
014390064 1.6
014390068 1.6
014390076 1.6
014390086 1.4
014390090 1.4
014390117 1.4
014390124 1.4
014390133 1.6
014390134 1.4
014390135 1.4
014390143 1.4
014390154 1.6
014390156 1.4
014390163 1.6
014470007 1.4
014470017 1.6
014470026 1.6
014470028 1.6
014470031 1.4
014470038 1.8
014470039 1.6
014470048 1.6
014470053 1.8
014470060 1.8
014470063 1.4
014470072 1.4
014470084 1.4
014470100 1.6
014470109 1.6
014470124 1.6
014470140 1.4
014470141 1.4
014470149 1.4
014470150 0.8
014650011 1.6
014650023 1.4
014650032 1.8
014650037 1.8
014650038 1.6
014650040 1.6
014650041 1.6
014650043 1.6
014650047 1.8
014650058 1.4
014650059 1.6
014650063 1.4
014650085 1.6
014650087 1.4
014650088 1.4
014650108 1.4
014650113 1.4
014650125 1.4
014650145 1
014650164 1.6
014690004 1.4
014690006 1.6
014690018 1.6
014690020 1.4
014690047 1.4
014690048 1.8
014690050 1.6
014690055 1.6
014690062 1.6
014690067 1.8
014690074 1.4
014690082 1.6
014690110 1.6
014690113 1.6
014690121 1.6
014690125 1.8
014690136 1.6
014690144 1.2
014690150 1.6
014690167 1.6
015010004 1.8
015010014 1.8
015010033 1.6
015010038 1.6
015010041 1.8
015010079 1.6
015010087 1.4
015010094 1.6
015010097 1.6
015010103 1.6
015010115 1.4
015010121 1.4
015010125 1.2
015010137 1.4
015010145 1.6
015010151 1.8
015010156 1
015010159 1.8
015010169 1.4
015010170 1.6
015020001 1.2
015020007 0.6
015020010 1.4
015020012 1
015020017 1.4
015020022 1.4
015020029 1.6
015020045 1.4
015020061 1.4
015020065 1.4
015020070 1.4
015020088 1.4
015020097 1.6
015020099 1.4
015020101 1.6
015020113 1.4
015020126 1.2
015020136 1.2
015020161 1.6
015020162 1.4
015030001 1.4
015030005 1.6
015030006 1.2
015030010 1.4
015030015 1.2
015030027 0.6
015030030 1.6
015030041 1.8
015030067 1.2
015030077 1.6
015030082 1.6
015030106 1.6
015030109 1.6
015030115 1.6
015030118 1.4
015030122 1.6
015030125 1.6
015030133 1.6
015030142 1.6
015030150 1.6
020020015 1.8
020020032 1.6
020020094 1.8
020020108 1.8
020020123 1.8
020020174 1.8
020020181 1.8
020020185 1.8
020020204 1.8
020020206 1.8
020020208 1.8
020020220 1.8
020020278 1.8
020020285 1.8
020020295 1.8
020020303 1.8
020020348 1.6
020020357 1.8
020020361 1.8
020020377 1.8
020070039 1.6
020070050 1.8
020070065 1.6
020070066 1.6
020070070 1.6
020070079 1.6
020070081 1.6
020070083 1.2
020070086 1.6
020070091 1.6
020070095 1.4
020070105 1.6
020070132 1.6
020070146 1.6
020070152 1.8
020070153 1.6
020070154 1.6
020070157 1.6
020070165 1.6
020070166 1.6
020140004 1.4
020140014 1.8
020140028 1.6
020140032 0.8
020140036 1.6
020140041 1.4
020140045 1.8
020140048 1.6
020140055 1.6
020140059 1.4
020140074 1.6
020140083 1.6
020140087 1.4
020140096 1.4
020140099 1.6
020140114 1.4
020140117 1.6
020140121 1.6
020140133 1.4
020140173 1.6
020160042 1.8
020160068 1.6
020160093 1.8
020160128 1.6
020160131 1.8
020160132 1.8
020160151 1.8
020160171 1.8
020160178 1.8
020160207 1.6
020160222 1.8
020160245 1.8
020160264 1.8
020160295 1.6
020160312 1.8
020160318 1.6
020160335 1.6
020160344 1.8
020160347 1.6
020160371 1.8
020220021 1.6
020220023 1.6
020220033 1.6
020220048 1.8
020220056 1.8
020220060 1.8
020220072 1.6
020220091 1.6
020220120 1.6
020220122 1.8
020220139 1.4
020220141 1.8
020220176 1.4
020220200 1.8
020220221 1.6
020220232 1.8
020220259 1.4
020220264 1.4
020220295 1.8
020220366 1.8
020270001 1.4
020270005 1.2
020270020 1.6
020270030 1
020270042 1.4
020270048 1.6
020270049 1.6
020270077 1.4
020270087 1.6
020270108 1.4
020270113 1.4
020270136 1.8
020270142 1.4
020270146 1.6
020270161 1.6
020270167 1.6
020270168 1.6
020270170 1.6
020270171 1.6
020270174 1.4
020300005 1.6
020300012 1.6
020300017 1.6
020300020 1.6
020300044 1.6
020300053 1.2
020300056 1.4
020300057 1.4
020300059 1.6
020300065 1.6
020300073 0.8
020300083 1.4
020300097 1.4
020300121 1.4
020300132 1.6
020300143 1.6
020300147 1.8
020300156 1.6
020300171 1.4
020300173 1.4
020310032 1.6
020310042 1.6
020310075 1.6
020310085 1.6
020310112 1.6
020310114 1.6
020310133 1.6
020310141 1.8
020310148 1.6
020310151 1.6
020310154 1.6
020310174 1.4
020310219 1.8
020310273 1.6
020310281 1.6
020310295 1.6
020310297 1.6
020310322 1.6
020310335 1.8
020310376 1.8
020340016 1.4
020340019 1.6
020340029 1.6
020340043 1.6
020340055 1.6
020340056 1.6
020340063 1.6
020340065 1.6
020340071 1.4
020340096 1.6
020340098 1.6
020340109 1.2
020340113 1.4
020340124 1.6
020340140 1.6
020340144 1.6
020340156 1.6
020340162 1.4
020340166 1.6
020340169 1.8
020360017 1.8
020360019 1.8
020360036 1.6
020360055 1.6
020360089 1.6
020360097 1.6
020360100 1.6
020360131 1.6
020360136 1.8
020360143 1.8
020360202 1.8
020360211 1.8
020360220 1.6
020360228 1.8
020360245 1.6
020360299 1.6
020360301 1.8
020360302 1.8
020360312 1.8
020360329 1.8
020590022 1.6
020590026 1.6
020590047 1.8
020590077 1.8
020590103 1.6
020590121 1.6
020590122 1.8
020590123 1.8
020590144 1.6
020590151 1.8
020590164 1.8
020590181 1.8
020590228 1.6
020590265 1.8
020590274 1.8
020590276 1.6
020590290 1.4
020590322 1.6
020590359 1.8
020590376 1.6
020610010 1.6
020610014 1.6
020610061 1.4
020610090 1.6
020610122 1.6
020610134 1.8
020610166 1.8
020610168 1.6
020610174 1.6
020610175 1.6
020610194 1.6
020610201 1.6
020610206 1.6
020610207 1.6
020610291 1.6
020610302 1.6
020610316 1.6
020610328 1.6
020610341 1.6
020610343 1.8
020890003 1.6
020890037 1.8
020890112 1.6
020890134 1.8
020890156 1.6
020890165 1.6
020890206 1.6
020890207 1.8
020890215 1.6
020890219 1.6
020890259 1.8
020890260 1.6
020890267 1.6
020890274 1.6
020890306 1.6
020890313 1.8
020890326 1.6
020890340 1.8
020890346 1.6
020890371 1.6
021120025 1.6
021120059 1.6
021120074 1.6
021120075 1.6
021120085 1.8
021120108 1.6
021120135 1.6
021120151 1.6
021120161 1.6
021120164 1.8
021120171 1.6
021120187 1.8
021120232 1.8
021120233 1.8
021120250 1.4
021120256 1.6
021120296 1.6
021120309 1.4
021120321 1.6
021120354 1.6
021160002 1.6
021160027 1.6
021160075 1.6
021160080 1.8
021160089 1.6
021160090 1.8
021160120 1.6
021160134 1.8
021160185 1.6
021160188 1.8
021160195 1.8
021160198 1.8
021160203 1.8
021160207 1.6
021160212 1.6
021160232 1.8
021160249 1.6
021160303 1.6
021160310 1.6
021160326 1.6
021290009 1.8
021290011 1.8
021290068 1.8
021290121 1.8
021290134 1.8
021290144 1.8
021290148 1.8
021290160 1.6
021290169 1.8
021290173 1.8
021290200 1.8
021290209 1.8
021290235 1.6
021290261 1.8
021290282 1.8
021290291 1.8
021290319 1.8
021290324 1.8
021290326 1.6
021290371 1.8
021680007 1.6
021680016 1.6
021680048 1.6
021680052 1.6
021680122 1.8
021680154 1.8
021680169 1.8
021680190 1.6
021680237 1.8
021680246 1.8
021680249 1.6
021680251 1.8
021680266 1.6
021680288 1.6
021680297 1.6
021680318 1.6
021680332 1.6
021680369 1.6
021680379 1.6
021680380 1.6
021700029 1.6
021700034 1.6
021700062 1.8
021700077 1.6
021700120 1.6
021700131 1.8
021700139 1.8
021700153 1.8
021700176 1.8
021700211 1.8
021700224 1.8
021700232 1.8
021700236 1.6
021700240 1.8
021700277 1.8
021700287 1.4
021700291 1.8
021700300 1.6
021700362 1.8
021700379 1.8
021790008 1.8
021790025 1.8
021790030 1.8
021790035 1.8
021790039 1.8
021790040 1.8
021790043 1.8
021790055 1.8
021790075 1.8
021790081 1.8
021790083 1.8
021790084 1.6
021790108 1.8
021790112 1.8
021790125 1.8
021790149 1.8
021790152 1.6
021790168 1.8
021790169 1.4
021790173 1.8
022080028 1.6
022080038 1.6
022080085 1.4
022080100 1.6
022080116 1.6
022080124 1.8
022080146 1.6
022080179 1.4
022080181 1.6
022080186 1.4
022080187 1.6
022080189 1.6
022080192 1.6
022080202 1.6
022080204 1.4
022080210 1.4
022080294 1.6
022080299 1.6
022080340 1.6
022080341 1.6
022360092 1.6
022360126 1.6
022360147 1.8
022360159 1.8
022360185 1.4
022360186 1.6
022360221 1.4
022360222 1.4
022360227 1.4
022360231 1.4
022360253 1.4
022360259 1.4
022360262 1.6
022360265 1.4
022360293 1.4
022360310 1.4
022360311 1.4
022360321 1.4
022360326 1.6
022360350 1.4
022420015 1.8
022420045 1.6
022420067 1.6
022420073 1.8
022420086 1.8
022420106 1.8
022420129 1.8
022420138 1.8
022420146 1.8
022420164 1.8
022420168 1.8
022420172 1.8
022420273 1.6
022420288 1.8
022420292 1.6
022420306 1.8
022420342 1.8
022420346 1.6
022420348 1.8
022420362 1.6
022440038 1.6
022440039 1.6
022440062 1.6
022440073 1.6
022440126 1.8
022440134 1.6
022440139 1.8
022440144 1.6
022440165 1.6
022440180 1.6
022440189 1.6
022440215 1.6
022440277 1.6
022440286 1.4
022440312 1.6
022440337 1.6
022440340 1.6
022440352 1.6
022440361 1.6
022440362 1.6
022510066 1.6
022510069 1.6
022510089 1.6
022510093 1.6
022510095 1.6
022510122 1.6
022510152 1.6
022510166 1.8
022510190 1.6
022510211 1.6
022510230 1.6
022510237 1.8
022510255 1.8
022510266 1.8
022510276 1.8
022510291 1.8
022510300 1.8
022510320 1.8
022510323 1.8
022510368 1.8
022520012 1.8
022520036 1.8
022520067 1.8
022520159 1.8
022520174 1.8
022520200 1.8
022520203 1.8
022520209 1.6
022520221 1.6
022520225 1.8
022520226 1.8
022520258 1.8
022520272 1.4
022520290 1.6
022520337 1.8
022520345 1.6
022520358 1.6
022520360 1.8
022520366 1.6
022520375 1.6
022820020 1.4
022820021 1.6
022820026 1.6
022820042 1.4
022820062 1.4
022820072 1.4
022820079 1.6
022820106 1.4
022820107 1.4
022820121 1.6
022820134 1.6
022820142 1.6
022820155 1.6
022820191 1.8
022820197 1.6
022820281 1.6
022820291 1.6
022820293 1.6
022820317 1.6
022820357 1.4
023270032 1.6
023270080 1.8
023270098 1.8
023270118 1.6
023270120 1.8
023270140 1.8
023270148 1.6
023270161 1.6
023270171 1.8
023270214 1.6
023270237 1.8
023270268 1.6
023270280 1.8
023270286 1.8
023270303 1.6
023270315 1.6
023270319 1.6
023270321 1.6
023270331 1.8
023270364 1.8
023550002 1.6
023550003 1.6
023550008 1.6
023550013 1.6
023550099 1.6
023550123 1.8
023550138 1.8
023550167 1.8
023550175 1.8
023550201 1.8
023550202 1.6
023550230 1.8
023550233 1.8
023550237 1.8
023550257 1.6
023550260 1.6
023550290 1.6
023550310 1.4
023550319 1.8
023550341 1.6
023800015 1.6
023800042 1.4
023800056 1.6
023800093 1.6
023800114 1.6
023800124 1.8
023800160 1.6
023800186 1.6
023800242 1.6
023800260 1.6
023800277 1.8
023800278 1.6
023800280 1.6
023800298 1.6
023800326 1.8
023800330 1.6
023800338 1.6
023800352 1.6
023800363 1.6
023800368 1.6
024020047 1.8
024020051 1.6
024020053 1.6
024020069 1.6
024020084 1.6
024020142 1.6
024020158 1.8
024020175 1.6
024020176 1.8
024020205 1.8
024020233 1.8
024020238 1.8
024020253 1.4
024020256 1.8
024020260 1.8
024020265 1.8
024020291 1.6
024020321 1.8
024020328 1.8
024020337 1.8
024270011 1.6
024270019 1.6
024270028 1.6
024270051 1.6
024270053 1.8
024270057 1.6
024270077 1.6
024270127 1.8
024270155 1.4
024270168 1.6
024270176 1.6
024270178 1.4
024270183 1.6
024270197 1.6
024270206 1.6
024270245 1.6
024270270 1.8
024270292 1.6
024270313 1.6
024270336 1.8
024300001 1.8
024300052 1.6
024300061 1.8
024300063 1.8
024300065 1.6
024300068 1.4
024300080 1.6
024300082 1.6
024300093 1.6
024300099 1.4
024300118 1.6
024300131 1.6
024300132 1.6
024300135 1.6
024300189 1.4
024300221 1.6
024300270 1.6
024300330 1.6
024300345 1.8
024300360 1.4
024380040 1.6
024380041 1.6
024380116 1.4
024380142 1.6
024380154 1.6
024380194 1.6
024380197 1.6
024380200 1.8
024380204 1.4
024380234 1.8
024380247 1.6
024380265 1.6
024380276 1.6
024380278 1.6
024380315 1.6
024380317 1.4
024380325 1.8
024380354 1.6
024380363 1.6
024380369 1.4
024410049 1.8
024410052 1.6
024410092 1.6
024410098 1.6
024410110 1.6
024410149 1.8
024410158 1.6
024410160 1.6
024410173 1.6
024410222 1.6
024410228 1.6
024410240 1.8
024410241 1.6
024410294 1.6
024410312 1.6
024410318 1.6
024410322 1.6
024410350 1.8
024410368 1.6
024410377 1.6
024480016 1.6
024480028 1.8
024480094 1.6
024480095 1.6
024480105 1.6
024480127 1.6
024480159 1.6
024480186 1.8
024480188 1.4
024480212 1.4
024480228 1.6
024480232 1.6
024480241 1.6
024480244 1.6
024480251 1.8
024480255 1.8
024480270 1.8
024480292 1.6
024480297 1.6
024480335 1.6
024500006 1.8
024500021 1.6
024500033 1.6
024500095 1.6
024500126 1.8
024500139 1.8
024500141 1.8
024500147 1.8
024500151 1.8
024500156 1.8
024500164 1.8
024500228 1.8
024500250 1.8
024500268 1.8
024500284 1.6
024500317 1.6
024500327 1.6
024500333 1.6
024500350 1.6
024500363 1.6
024510017 1.6
024510043 1.6
024510061 1.4
024510070 1.6
024510114 1.6
024510164 1.6
024510179 1.6
024510195 1.6
024510206 1.8
024510215 1.6
024510224 1.8
024510247 1.4
024510252 1.6
024510275 1.8
024510316 1.8
024510323 1.6
024510336 1.4
024510351 1.6
024510352 1.8
024510375 1.8
024880041 1.8
024880059 1.6
024880070 1.6
024880098 1.6
024880118 1.8
024880155 1.6
024880176 1.6
024880190 1.4
024880194 1.6
024880195 1.6
024880207 1.6
024880210 1.4
024880234 1.6
024880245 1.8
024880258 1.6
024880267 1.4
024880269 1.6
024880299 1.6
024880303 1.6
024880339 1.8
025380004 1.4
025380051 1.6
025380065 1.6
025380091 1.4
025380107 1.6
025380133 1.6
025380149 1.6
025380151 1.6
025380152 1.8
025380158 1.4
025380162 1.6
025380175 1.8
025380202 1.6
025380217 1.6
025380251 1.6
025380256 1.6
025380277 1.8
025380298 1.8
025380340 1.6
025380347 1.6
026210005 1.6
026210047 1.6
026210096 1.6
026210123 1.6
026210132 1.6
026210135 1.6
026210136 1.6
026210141 1.6
026210157 1.4
026210177 1.6
026210185 1.4
026210203 1.6
026210213 1.6
026210220 1.4
026210231 1.8
026210242 1.8
026210262 1.6
026210287 1.6
026210299 1.8
026210302 1.6
027400077 1.8
027400094 1.6
027400125 1.6
027400126 1.8
027400145 1.6
027400146 1.8
027400151 1.6
027400171 1.6
027400173 1.6
027400176 1.6
027400201 1.6
027400238 1.6
027400246 1.8
027400276 1.8
027400283 1.8
027400286 1.8
027400289 1.6
027400295 1.6
027400321 1.6
027400372 1.4
027990028 1.6
027990046 1.6
027990056 1.6
027990059 1.6
027990066 1.6
027990153 1.6
027990156 1.6
027990160 1.8
027990162 1.6
027990167 1.8
027990201 1.8
027990232 1.8
027990242 1.8
027990247 1.6
027990264 1.6
027990309 1.8
027990328 1.6
027990330 1.6
027990341 1.6
027990358 1.6
028920012 1.4
028920027 1.6
028920044 1.6
028920050 1.6
028920120 1.8
028920122 1.6
028920128 1.8
028920131 1.6
028920174 1.6
028920200 1.6
028920207 1.2
028920213 1.6
028920214 1.6
028920224 1.6
028920235 1.8
028920239 1.8
028920242 1.6
028920259 1.8
028920315 1.4
028920321 1.6
028970002 1.8
028970016 1.6
028970022 1.6
028970039 1.8
028970052 1.8
028970057 1.6
028970088 1.6
028970129 1.8
028970146 1.6
028970153 1
028970158 1.8
028970190 2
028970198 1.8
028970221 1.8
028970245 1.8
028970251 1.6
028970273 1.6
028970279 1.8
028970294 1.8
028970329 1.6
029170012 1.6
029170043 1.8
029170055 1.8
029170086 1.8
029170104 1.8
029170149 1.8
029170156 1.8
029170161 1.8
029170177 1.6
029170181 1.8
029170196 1.8
029170197 1.8
029170211 1.8
029170226 1.8
029170231 1.6
029170252 1.6
029170309 1.8
029170321 1.8
029170359 1.6
029170362 1.8
029370015 1.6
029370032 1.6
029370040 1.6
029370106 1.6
029370108 1.4
029370123 1.6
029370126 1.6
029370142 1.6
029370153 1.6
029370185 1.4
029370193 1.6
029370210 1.6
029370217 1.6
029370221 1.6
029370230 1.6
029370235 1.6
029370239 1.6
029370270 1.6
029370303 1.4
029370379 1.6
029810020 1.6
029810027 1.6
029810135 1.8
029810139 1.4
029810147 1.6
029810158 2
029810200 1.4
029810204 1.2
029810216 1.8
029810221 1.6
029810234 1.6
029810235 1.4
029810243 1.6
029810283 1.6
029810294 1.6
029810301 1.8
029810315 1.6
029810349 1.8
029810350 1.6
029810360 1.6
030020008 1.8
030020012 1.4
030020022 1.8
030020047 1.6
030020048 1.4
030020065 1.6
030020077 1.6
030020092 1.6
030020100 1.6
030020112 1.8
030020117 1.6
030020126 1.2
030020136 1.4
030020138 1.6
030020144 1.4
030020152 1.6
030020159 1.6
030020161 1.6
030020162 1.4
030020172 1.8
030070015 1.6
030070017 1.8
030070019 1.8
030070022 1.6
030070025 1.4
030070043 1.6
030070049 1.4
030070054 1.4
030070058 1.6
030070066 1.4
030070093 1.6
030070094 1.4
030070099 1.6
030070108 1.4
030070111 1.8
030070112 1.6
030070135 1.4
030070138 1.6
030070152 1.6
030070159 1.6
030120001 1.6
030120003 1.4
030120018 1.6
030120021 1.4
030120029 1.4
030120044 1.6
030120072 1.6
030120079 1.6
030120089 1.6
030120097 1.8
030120106 1.6
030120121 1.6
030120141 1.6
030120150 1.6
030120154 1.4
030120155 1.6
030120157 1.4
030120163 1.4
030120165 1.8
030120173 1.6
030140009 1.6
030140010 1.4
030140017 1.4
030140025 1.6
030140043 1.6
030140053 1.6
030140075 1.6
030140086 1.6
030140089 1.6
030140092 1.6
030140095 1.6
030140099 1.6
030140126 1.6
030140128 1.6
030140129 1.8
030140132 1.6
030140134 1.6
030140144 1.6
030140147 1.6
030140173 1.8
030200005 1.4
030200011 1.4
030200016 1.8
030200018 1.6
030200019 1.6
030200021 1.4
030200037 1.4
030200041 1.8
030200049 1.6
030200057 1.6
030200076 1.8
030200078 1.6
030200087 1.6
030200101 1.6
030200105 1.6
030200108 1.6
030200137 1.6
030200151 1.6
030200153 1.6
030200164 1.6
030210005 1.6
030210032 1.4
030210041 1.6
030210042 1.6
030210044 1.4
030210045 1.6
030210047 1.6
030210050 1.4
030210060 1.4
030210074 1.6
030210079 1.6
030210082 1.6
030210118 1
030210123 1.6
030210137 1.6
030210143 1.6
030210152 1.4
030210164 1.4
030210165 1.4
030210175 1.8
030230003 1.6
030230018 1.6
030230056 1.6
030230060 1.6
030230086 1.6
030230092 1.6
030230119 1.6
030230170 1.8
030230182 1.8
030230194 1.8
030230209 1.6
030230253 1.8
030230260 1.6
030230276 1.6
030230280 1.6
030230311 1.6
030230330 1.6
030230336 1.6
030230340 1.4
030230374 1.6
030270013 1.6
030270014 1.8
030270026 1.4
030270033 1.6
030270049 1.6
030270053 1.4
030270054 1.4
030270073 1.6
030270075 1.6
030270083 1.6
030270093 1.6
030270116 1.8
030270121 1.6
030270140 1.6
030270141 1.8
030270147 1.4
030270151 1.6
030270161 1.4
030270168 1.8
030270175 1.6
030460032 1.6
030460038 1.6
030460048 1.6
030460051 1.4
030460052 1.4
030460071 1.4
030460085 1.4
030460097 1.4
030460106 1.4
030460110 1.6
030460114 1.4
030460126 1.4
030460133 1.4
030460142 1.4
030460146 1.4
030460147 1.4
030460157 1.6
030460158 1.6
030460160 1.4
030460163 1.6
030490010 1.4
030490013 1.4
030490029 1.4
030490040 1.6
030490055 1.4
030490062 1.4
030490063 1.4
030490071 1.4
030490076 1.4
030490078 1.6
030490095 1.2
030490126 1.6
030490127 1.6
030490130 1.4
030490138 1.4
030490140 1.4
030490142 1.4
030490166 0.6
030490168 1.6
030490170 1.4
030600004 1.4
030600011 1.4
030600020 1.6
030600023 1.4
030600039 1.6
030600041 1.2
030600042 1.4
030600052 1.4
030600054 1.4
030600055 1.6
030600070 1.4
030600085 1.4
030600099 1.6
030600104 1.4
030600140 1.4
030600147 1.4
030600154 1.4
030600156 1.4
030600160 1.4
030600168 0.8
030680003 1.4
030680005 1.4
030680009 1.4
030680016 1.6
030680027 1.4
030680034 1.6
030680037 1.6
030680045 1.4
030680054 1.6
030680056 1.6
030680072 1.4
030680075 1.4
030680090 1.6
030680092 1.6
030680097 1.6
030680105 1.4
030680114 1.6
030680119 1.4
030680140 1.4
030680162 1.4
030750012 1.2
030750030 1.4
030750034 1.6
030750042 1.4
030750057 1.6
030750058 1.4
030750061 1.6
030750074 1.4
030750076 1.6
030750078 1
030750088 1.6
030750093 1.6
030750098 1.4
030750108 1.4
030750119 1.6
030750128 1.6
030750146 1.6
030750155 1.6
030750165 1.6
030750170 1.6
030830001 1.6
030830004 1.6
030830013 1.4
030830021 1.4
030830030 1.4
030830033 1.4
030830043 1.6
030830069 1.6
030830074 1.6
030830093 1.4
030830094 1.6
030830102 1.6
030830116 1.6
030830118 1.4
030830124 1.4
030830129 1.6
030830135 1.4
030830147 1.4
030830154 1.6
030830169 1.6
030880003 1.2
030880015 1.6
030880018 1.6
030880019 1.6
030880025 1.4
030880041 1.4
030880049 1.6
030880057 1.6
030880058 1.6
030880067 1.4
030880086 1.6
030880092 1.6
030880096 1.6
030880099 1.2
030880105 1.6
030880123 1.8
030880131 1.6
030880146 1.6
030880172 1.6
030880173 1.6
032080019 2
032080038 1.8
032080043 1.8
032080056 1.8
032080058 1.6
032080071 1.8
032080078 1.8
032080079 1.6
032080083 1.6
032080088 1.8
032080092 1.6
032080093 1.6
032080099 1.6
032080103 1.8
032080110 1.8
032080119 1.6
032080132 1.8
032080145 1.6
032080150 1.8
032080161 1.8
032140001 1.6
032140007 1.4
032140013 1.6
032140017 1.6
032140025 1.6
032140054 1.6
032140060 1.6
032140069 1.8
032140073 1.4
032140078 1.6
032140082 1.6
032140087 1.6
032140094 1.4
032140110 1.6
032140117 1.4
032140121 1.4
032140135 1.4
032140150 1.8
032140164 1.6
032140169 1.6
034120002 1.6
034120012 1.6
034120027 1.8
034120035 1.6
034120047 1.6
034120050 1.6
034120052 1.8
034120067 1.6
034120077 1.6
034120085 1.6
034120101 1.8
034120111 1.6
034120125 1.8
034120155 1.4
034120161 1.6
034120162 1.6
034120165 1.6
034120170 1.4
034120173 1.6
034120174 1.6
034230011 1.6
034230034 1.8
034230035 1.8
034230043 1.6
034230051 1.6
034230058 1.4
034230063 1.8
034230072 1.6
034230079 1.6
034230081 1.6
034230083 1.6
034230085 1.8
034230108 1.6
034230112 1.6
034230115 1.6
034230123 1.4
034230141 1.6
034230154 1.8
034230164 1.4
034230168 1.6
036310007 1.8
036310021 1.8
036310035 1.6
036310036 1.6
036310041 1.6
036310047 1.4
036310062 1.6
036310063 1.6
036310080 1.6
036310097 1.4
036310098 1.6
036310100 1.8
036310110 1.8
036310116 1.4
036310120 1.6
036310134 1.6
036310148 1.6
036310159 1.6
036310170 1.8
036310171 1.6
036360016 1.8
036360027 1.6
036360029 1.6
036360032 1.6
036360033 1.4
036360034 1.8
036360044 1.6
036360055 1.8
036360061 1.6
036360062 1.6
036360071 1.6
036360106 1.4
036360111 1.6
036360114 1.6
036360142 1.6
036360151 1.6
036360154 1.6
036360160 1.6
036360167 1.4
036360174 1.6
038370004 1.4
038370013 1.6
038370019 1.6
038370045 1.4
038370052 1.8
038370056 1.6
038370060 1.6
038370061 1.6
038370068 1.6
038370070 1.8
038370081 1.6
038370097 1.4
038370105 1.6
038370107 1.6
038370128 1.6
038370142 1.4
038370153 1.4
038370160 1.8
038370167 1.6
038370170 1.6
040050015 1.8
040050041 1.6
040050060 1.6
040050071 1.8
040050094 1.6
040050107 1.4
040050110 1.6
040050125 1.8
040050142 1.6
040050180 1.6
040050183 1.8
040050203 1.6
040050205 1.6
040050255 1.6
040050264 1.6
040050271 1.8
040050281 1.6
040050295 1.6
040050306 1.6
040050358 1.4
050150021 1.4
050150024 1.4
050150028 1.4
050150041 1.6
050150069 1.6
050150070 1.6
050150091 1.6
050150093 1.4
050150108 1.6
050150116 1.2
050150125 1.6
050150129 1.6
050150142 1.6
050150145 1.6
050150159 1.8
050150163 1.8
050150165 1.6
050150170 1.4
050150173 1.6
050150175 1.8
050170001 1.6
050170002 1.6
050170005 1.6
050170051 1.8
050170092 1.8
050170099 0.6
050170100 1.6
050170101 1.6
050170102 1.6
050170113 1.4
050170117 1.6
050170123 1.8
050170129 1.8
050170131 1.6
050170132 1.2
050170136 1.6
050170145 1.6
050170151 1.6
050170154 1.4
050170165 1.6
050290009 1.4
050290028 1.4
050290038 1.4
050290042 1.6
050290060 1.4
050290062 1.8
050290068 1.4
050290079 1.6
050290087 1.4
050290120 1.4
050290126 1.6
050290129 1.2
050290132 1.6
050290136 1.6
050290145 1.6
050290149 1.6
050290156 1.6
050290162 1.4
050290167 1.6
050290174 1.8
050390001 1.6
050390011 1.4
050390020 1.4
050390021 1.8
050390038 1.4
050390040 1.6
050390048 1.6
050390049 1.6
050390057 1.8
050390059 1.4
050390081 1.4
050390084 1.6
050390087 1.6
050390090 1.4
050390092 1.4
050390097 1.6
050390114 1.6
050390129 1.6
050390130 1.6
050390175 1.6
050720001 1.6
050720003 1.6
050720006 1.4
050720017 1.6
050720025 1.6
050720040 1.6
050720045 1.4
050720063 1.4
050720072 1.8
050720076 1.6
050720078 1.6
050720079 1.6
050720102 1.6
050720124 1.6
050720126 1.6
050720136 1.6
050720138 1.6
050720150 1.4
050720158 1.6
050720175 1.4
051950005 1.8
051950011 1.8
051950018 1.8
051950025 1.6
051950032 1.6
051950033 1.6
051950038 1.6
051950044 1.8
051950050 1.8
051950051 1.8
051950067 1.8
051950075 1.8
051950086 1.8
051950088 2
051950096 1.8
051950138 1.8
051950154 1.8
051950163 1.8
051950164 1.8
051950170 1.4
052180017 1.6
052180027 1.8
052180028 1.6
052180037 1.6
052180041 1.2
052180042 1.6
052180046 1.6
052180068 1.6
052180084 1.6
052180090 1.8
052180093 1.6
052180098 1.6
052180104 1.6
052180112 1.6
052180117 1.6
052180124 1.4
052180137 1.6
052180143 1.6
052180146 1.6
052180160 1.8
052200004 1.4
052200008 1.4
052200020 1.6
052200044 1.2
052200050 1.4
052200064 1.6
052200066 1.6
052200076 1.6
052200089 1.6
052200092 1.6
052200094 1.4
052200095 1.6
052200101 1.6
052200110 1.6
052200142 1.4
052200150 1.4
052200152 1.6
052200155 1.6
052200162 1.4
052200168 1.6
054010004 1.4
054010009 1.6
054010014 1.6
054010032 1.4
054010046 1.6
054010051 1.4
054010055 1.6
054010061 1.6
054010072 1.4
054010079 1.4
054010091 1.6
054010095 1.6
054010105 1.6
054010107 1.6
054010123 1.6
054010130 1.4
054010136 1.6
054010148 1.6
054010155 1.6
054010165 1.6
054060017 1.6
054060036 1.6
054060044 1.6
054060049 1.4
054060064 1.4
054060076 1.6
054060077 1.8
054060091 1.8
054060099 1.6
054060104 1.6
054060113 1.8
054060116 1.6
054060119 1.8
054060126 1.6
054060139 1.6
054060147 1.6
054060149 1.6
054060153 1.8
054060172 1.8
054060173 1.6
054080004 1.8
054080008 1.8
054080011 1.6
054080019 1.6
054080021 1.4
054080033 1.6
054080035 1.6
054080042 1.6
054080065 1.6
054080081 1.6
054080109 1.6
054080123 1.6
054080138 1.6
054080150 1.6
054080151 1.6
054080154 1.6
054080163 1.6
054080165 1.8
054080167 1.4
054080174 1.6
054140003 1.6
054140010 1.4
054140015 1.6
054140019 1.6
054140021 1.6
054140039 1.6
054140051 1.6
054140057 1.8
054140077 1.4
054140098 1.6
054140104 1.6
054140106 1.8
054140113 1.6
054140115 1.6
054140118 1.6
054140119 1.6
054140122 1.6
054140127 1.4
054140154 1.6
054140158 1.6
054180014 1.8
054180015 1.6
054180021 1.8
054180022 1.6
054180029 1.6
054180033 1.6
054180059 1.8
054180063 1.6
054180075 1.6
054180076 1.8
054180077 1.6
054180079 1.8
054180087 1.6
054180091 1.8
054180096 1.8
054180111 1.6
054180123 1.6
054180126 1.6
054180130 1.6
054180174 1.8
054240002 1.6
054240025 1.2
054240038 1.8
054240039 1.4
054240048 1.6
054240053 1.8
054240079 1.8
054240091 1.6
054240093 1.6
054240094 1.8
054240097 1.8
054240099 1.4
054240109 1.8
054240115 1.6
054240116 1.6
054240117 1.6
054240125 1.6
054240126 1.6
054240138 1.6
054240152 1.6
054280012 1.8
054280018 1.8
054280021 1.8
054280023 1.6
054280024 1.6
054280030 1.4
054280040 1.4
054280042 1.6
054280049 1.4
054280053 1.6
054280057 1.2
054280062 1.6
054280078 1.6
054280109 1.4
054280118 1.8
054280125 1.6
054280128 1.8
054280146 1.8
054280148 1.8
054280175 1.8
054320015 1.6
054320019 1.6
054320020 1.6
054320024 1.2
054320037 1.4
054320041 1
054320058 1.2
054320061 1.4
054320067 0.8
054320073 1.4
054320076 1.6
054320080 1.8
054320092 1
054320099 1.6
054320100 1.6
054320118 1
054320129 1.2
054320136 1.4
054320140 1.6
054320149 1.4
055470005 1.4
055470009 1.6
055470040 1.2
055470046 1.4
055470047 1.6
055470080 1.6
055470082 1.4
055470088 1.4
055470104 1
055470105 1.4
055470120 1.2
055470122 1.2
055470126 1.6
055470129 1.4
055470131 1.6
055470141 1.2
055470152 1.4
055470170 1.4
055470172 1.2
055470175 1.4
055510024 1.6
055510029 1.6
055510046 1.6
055510061 1.6
055510067 1.8
055510070 1.6
055510078 1.6
055510079 1.4
055510084 1.4
055510088 1.6
055510093 1.4
055510096 1.6
055510100 1.4
055510110 1.6
055510122 1.4
055510130 1.4
055510143 1.4
055510156 1.4
055510164 1.4
055510165 1.6
060100004 1.4
060100009 1.4
060100031 1.6
060100034 1.4
060100037 1.6
060100041 1.4
060100047 1.6
060100066 1.6
060100081 1.6
060100092 1.8
060100100 1.2
060100101 1.4
060100105 1.4
060100124 1.8
060100128 1.4
060100132 1.4
060100147 1.6
060100154 1.6
060100159 1.6
060100164 1.8
060480005 1.4
060480008 1.6
060480012 1.6
060480018 1.6
060480037 1.8
060480050 1.4
060480082 1.6
060480084 1.6
060480090 1.6
060480094 1.6
060480102 1.6
060480104 1.4
060480131 1.4
060480134 1.6
060480135 1.6
060480145 1.6
060480147 1.6
060480148 1.6
060480168 1.4
060480169 1.4
060670002 1.6
060670003 1.4
060670017 1.6
060670029 1.6
060670035 1.6
060670036 1.6
060670038 1.6
060670041 1.6
060670044 1.4
060670049 1.6
060670060 1.6
060670062 1.6
060670072 1.6
060670075 1.6
060670080 1.6
060670094 1.6
060670111 1.4
060670140 1.6
060670144 1.6
060670149 1.8
060990011 1.8
060990014 1.4
060990023 1.6
060990029 1.4
060990030 1.6
060990034 1.4
060990035 1.4
060990039 1.4
060990059 1.2
060990078 1.4
060990083 1.6
060990089 1.6
060990093 1.4
060990117 1.6
060990121 1.6
060990124 1.6
060990129 1.4
060990155 1.4
060990168 1.6
060990175 1.4
061210013 1.8
061210031 1.8
061210059 1.8
061210060 1.8
061210063 1.8
061210068 1.8
061210069 1.8
061210071 1.8
061210075 1.8
061210086 1.8
061210095 1.8
061210109 1.8
061210128 1.8
061210129 1.8
061210140 1.8
061210141 2
061210142 2
061210147 1.8
061210148 1.6
061210174 1.8
064010049 1.6
064010056 1.2
064010057 1.2
064010066 1.4
064010067 1.4
064010086 1.4
064010092 1.6
064010093 1.4
064010103 1.4
064010107 1.6
064010109 1.6
064010120 1.4
064010123 1.4
064010135 1.2
064010141 1.4
064010150 1
064010161 1.4
064010164 1.6
064010172 1.4
064010173 1.2
065040005 1.6
065040007 1.6
065040009 1.6
065040011 1.6
065040028 1.6
065040042 1.6
065040044 1.6
065040045 1.6
065040049 1.6
065040077 1.8
065040112 1.6
065040118 1.6
065040124 1.6
065040125 1.6
065040126 1.6
065040127 1.8
065040133 1.6
065040134 1.6
065040137 1.8
065040160 1.6
069020006 1.2
069020020 1
069020024 0.6
069020037 1.4
069020044 1.2
069020048 1.4
069020059 0
069020065 0.2
069020075 0
069020090 0.6
069020091 1
069020096 1.2
069020103 1
069020114 1.4
069020123 1.6
069020143 1.4
069020155 1
069020163 0.8
069020168 0.8
069020175 1.6
069120003 1.6
069120014 0.8
069120020 1.8
069120025 1.6
069120052 1.6
069120059 1.4
069120061 1.6
069120072 1.2
069120083 1.6
069120087 1.6
069120092 1.6
069120093 1.4
069120094 1.4
069120106 1.6
069120121 1.6
069120123 1.8
069120140 1.4
069120151 1.4
069120165 1.6
069120170 1.6
075510004 1.6
075510010 1.4
075510017 1.6
075510036 1.8
075510038 1.4
075510041 1.6
075510057 1.8
075510076 1.8
075510086 1.8
075510090 1.4
075510091 1.4
075510099 1.4
075510129 1.4
075510131 1.6
075510137 1.6
075510142 1.6
075510144 1.6
075510163 1.6
075510165 1.6
075510167 1.6
080570004 1.6
080570009 1.4
080570013 1.6
080570014 1.6
080570031 1.4
080570053 1.6
080570067 1.4
080570071 1.6
080570072 1.4
080570080 1.4
080570081 1.4
080570087 1.6
080570089 1.6
080570102 1.4
080570127 1.6
080570138 1.4
080570143 1.4
080570144 1.4
080570146 1.6
080570157 1.4
080630011 1.6
080630014 1.6
080630019 1.6
080630030 1.6
080630038 1.8
080630044 1.8
080630053 1.8
080630062 1.8
080630086 1.6
080630090 1.6
080630091 1.6
080630093 1.8
080630094 1.6
080630123 1.6
080630125 1.6
080630140 1.6
080630147 1.6
080630152 1.6
080630155 1.6
080630170 1.6
080680011 1.6
080680020 1.8
080680029 1.4
080680031 1.6
080680056 1.8
080680060 1.8
080680066 1.6
080680069 1.6
080680084 1.4
080680090 1.6
080680095 1.8
080680106 1.6
080680108 1.6
080680129 1.4
080680133 1.6
080680151 1.6
080680153 1.6
080680170 1.6
080680173 1.6
080680174 1.6
081530002 1.6
081530014 1.6
081530016 1.6
081530018 1.6
081530023 1.6
081530038 1.4
081530065 1.8
081530073 1.6
081530085 1.6
081530088 1.6
081530096 1.4
081530100 1.6
081530107 1.8
081530109 1.6
081530125 1.4
081530139 1.8
081530146 1.6
081530165 1.8
081530167 1.6
081530170 1.4
085810002 1.8
085810012 1.4
085810018 1.8
085810038 1.4
085810040 1.4
085810043 1.6
085810048 1.4
085810056 1.6
085810078 1.4
085810084 1.6
085810086 1.8
085810112 1.6
085810116 1.4
085810119 1.6
085810120 1.6
085810121 1.6
085810152 1.8
085810159 1.8
085810163 1.6
085810167 1.2
085840013 1.6
085840020 1.6
085840022 1.6
085840036 1.6
085840040 1.8
085840059 1.6
085840072 1.6
085840075 1.6
085840077 1.2
085840086 1.8
085840089 1.2
085840092 1.8
085840099 1.2
085840115 1.8
085840117 1.8
085840123 1.6
085840141 1.6
085840147 1.2
085840157 1.4
085840167 1.2
085850006 1.4
085850024 1.8
085850039 1.6
085850042 1.2
085850044 1.2
085850046 1.8
085850056 1.6
085850075 1.6
085850088 1.6
085850092 1.2
085850094 1.6
085850101 1.8
085850108 1.4
085850112 1.4
085850119 1.4
085850120 1.8
085850138 1.6
085850146 1.6
085850161 1.4
085850170 1.4
090340002 1.6
090340007 1.8
090340021 1.8
090340032 1.8
090340039 1.6
090340041 1.4
090340043 1.6
090340054 1.4
090340071 1.6
090340085 1.6
090340088 1.8
090340090 1.4
090340108 1.6
090340114 1.6
090340126 1.6
090340131 1.6
090340155 1.6
090340158 1.8
090340164 1.6
090340168 1.4
090700006 1.6
090700008 1.6
090700019 1.8
090700042 1.8
090700045 1.8
090700047 1.6
090700054 1.6
090700055 1.6
090700057 1.6
090700059 1.4
090700065 1.4
090700081 1.8
090700082 1.8
090700108 1.8
090700111 1.8
090700117 1.6
090700127 1.8
090700148 1.6
090700164 1.6
090700172 1.6
090880018 1.8
090880060 1.6
090880064 1.6
090880065 1.6
090880086 1.8
090880090 1.6
090880093 1.6
090880095 1.6
090880100 1.6
090880120 1.4
090880126 1.6
090880130 1.2
090880132 1.8
090880140 1.6
090880142 1.6
090880145 1.6
090880147 1.8
090880154 1.8
090880157 1.6
090880163 1.8
091010017 1.6
091010032 1.6
091010049 1.6
091010050 1.6
091010055 1.6
091010063 1.4
091010070 1.6
091010072 1.4
091010082 1.6
091010100 1.6
091010107 1.6
091010109 1.6
091010123 1.8
091010127 1.6
091010133 1.8
091010138 1.6
091010139 1.4
091010142 1.8
091010149 1.4
091010151 1.8
091070001 1.4
091070033 1.6
091070038 1.8
091070040 1.6
091070049 1.8
091070056 1.8
091070061 1.6
091070065 1.8
091070074 1.6
091070089 1.4
091070108 1.6
091070135 1.8
091070138 1.8
091070140 1.6
091070142 1.6
091070143 1.6
091070162 1.6
091070163 1.8
091070174 1.6
091070175 1.8
091180015 1.4
091180025 1.8
091180035 1.8
091180042 1.6
091180044 1.6
091180050 1.6
091180056 1.6
091180064 1.6
091180075 1.4
091180078 1.6
091180088 1.6
091180091 1.4
091180101 1.6
091180110 1.6
091180133 1.6
091180151 1.8
091180157 1.8
091180159 1.8
091180161 1.6
091180163 1.6
095530005 1.6
095530010 1.6
095530011 1.8
095530016 1.6
095530028 1.8
095530041 1.8
095530049 1.6
095530059 1.8
095530066 1.6
095530082 1.6
095530083 1.6
095530085 1.6
095530116 1.8
095530118 1.8
095530129 1.8
095530144 1.8
095530152 1.8
095530154 1.6
095530161 1.6
095530173 1.6
095550027 1.6
095550043 1.6
095550044 1.6
095550046 1.6
095550051 1.6
095550053 1.4
095550073 1.4
095550075 1.4
095550081 1.4
095550082 1.6
095550092 1.6
095550100 1.4
095550107 1.6
095550116 1.6
095550126 1.8
095550134 1.8
095550143 1.6
095550146 1.8
095550148 1.8
095550173 1.4
095560005 1.4
095560008 1.4
095560010 1.4
095560017 1.4
095560031 1.6
095560037 1.4
095560051 1.8
095560054 1.2
095560069 1.6
095560080 1.6
095560083 1.6
095560108 1.4
095560115 1.8
095560129 1.2
095560133 1.4
095560150 1.4
095560153 1.6
095560163 1.6
095560164 1.4
095560170 1.6
095580008 1.6
095580012 1.6
095580016 1.4
095580039 1.6
095580045 1.6
095580056 1.6
095580067 1.6
095580071 1.4
095580078 1.2
095580088 1.4
095580097 1.4
095580099 1.2
095580101 1.8
095580102 1.4
095580116 1.4
095580128 1.4
095580133 1.6
095580157 1.8
095580166 1.6
095580173 1.6
096010001 0.6
096010002 0.8
096010004 1
096010005 0.6
096010006 1
096010007 1
096010008 0.6
096010009 0.8
096010010 1
096010011 0.8
096010012 0.6
096010013 0.8
096010015 0.6
096010016 0.8
096010018 0.8
096010019 0.6
096010020 0.8
096010021 0.8
096010022 0.6
096010023 0.8
096040001 0.8
096040002 0.6
096040004 1.4
096040005 0.8
096040006 0.6
096040007 0.8
096040008 1
096040009 1
096040010 0.8
096040011 0.8
096040012 0.6
096040014 0.6
096040015 0.8
096040016 0.6
096040018 0.6
096040019 0.8
096040021 0.6
096040023 0.8
096040024 0.8
096040025 0.6
096080003 0.6
096080005 0.8
096080006 0.6
096080007 0.6
096080008 0.8
096080009 1.2
096080010 0.8
096080012 1
096080013 1
096080014 0.8
096080015 0.8
096080017 0.6
096080018 0.6
096080021 1
096080022 0.6
096080023 0.6
096080024 0.8
096080025 0.6
096080026 0.8
096080027 0.8
096090001 0.6
096090003 0.6
096090005 0.8
096090006 0.6
096090007 0.6
096090008 0.8
096090010 0.6
096090011 0.6
096090014 0.8
096090015 0.6
096090017 0.6
096090018 0.8
096090019 0.6
096090020 0.6
096090021 0.8
096090023 0.4
096090024 0.6
096090025 0.8
096090026 0.6
096090027 0.6
096100001 1.2
096100002 1.2
096100003 1
096100004 1.2
096100005 1.2
096100006 1.2
096100007 1
096100008 1.2
096100009 1.2
096100010 1
096100011 1.2
096100012 1
096100013 1
096100014 1.2
096100015 0.8
096100016 1
096100017 0.8
096100018 1
096100019 1
096100020 0.8
096130001 0.8
096130002 1
096130003 1
096130004 1.2
096130005 0.8
096130006 0.6
096130007 0.8
096130008 1
096130009 0.6
096130010 1
096130011 1
096130012 0.6
096130013 0.8
096130014 0.8
096130016 0.4
096130017 1
096130018 0.8
096130019 0.6
096130020 1
096130021 1.2
096140002 0.6
096140003 1
096140004 1.2
096140005 1.2
096140006 1
096140007 1.2
096140008 0.6
096140009 1.2
096140010 1
096140011 0.6
096140012 0.8
096140014 1.2
096140015 1.2
096140016 0.8
096140017 1
096140018 0.6
096140019 1.2
096140020 1
096140021 1
096140022 1.2
096150003 1
096150005 1
096150006 1
096150007 1
096150009 1
096150010 1.2
096150011 1.2
096150012 0.6
096150013 1.2
096150016 1
096150017 1
096150018 1.2
096150019 1
096150020 1
096150021 1
096150024 1
096150025 1
096150026 0.8
096150027 1
096150028 0.8
096160001 0.8
096160002 1.4
096160003 1.2
096160004 1
096160005 1
096160006 0.6
096160007 1.2
096160008 1
096160009 1.2
096160010 0.8
096160011 1
096160012 1.2
096160013 1.2
096160014 1
096160015 1
096160016 0.6
096160017 1
096160018 1
096160019 0.8
096160020 1
096170001 0.6
096170002 1.2
096170003 1
096170004 1.4
096170006 1.2
096170007 1.2
096170008 1.2
096170009 0.8
096170010 1
096170011 1.2
096170012 1.4
096170013 1
096170014 1
096170015 0.8
096170018 1
096170020 1.2
096170021 1.4
096170022 1
096170023 1
096170024 0.8
096180001 1
096180002 1.2
096180004 1
096180005 1.2
096180007 1.2
096180008 1.4
096180009 1.2
096180010 1.4
096180011 1.4
096180012 1
096180013 1.2
096180014 0.8
096180015 1.4
096180016 0.6
096180017 0.8
096180018 1.2
096180019 0.6
096180020 1.2
096180021 1.2
096180022 1
096230001 0.8
096230002 1.2
096230004 1.4
096230005 1
096230006 0.8
096230007 0.8
096230008 1.2
096230009 1
096230010 0.6
096230011 0.8
096230012 0.8
096230013 0.6
096230014 0.6
096230015 1
096230016 0.6
096230017 0.8
096230018 1
096230019 1
096230020 0.8
096230021 1.2
096240001 1.2
096240002 1
096240003 1
096240004 0.6
096240005 1.2
096240006 0.8
096240007 0.6
096240008 1.4
096240009 0.8
096240010 0.6
096240011 0.8
096240012 0.8
096240013 1.2
096240014 0.8
096240015 1
096240016 0.6
096240017 0.8
096240019 0.8
096240020 0.6
096240021 0.8
096280011 0.8
096280012 0.6
096280013 0.8
096280014 1
096280015 0.6
096280016 0.8
096280017 1
096280018 0.6
096280019 0.8
096280020 1
096280021 0.6
096280022 0.8
096280023 1
096280024 1
096280025 0.8
096280026 1.4
096280027 0.6
096280028 0.8
096280029 1
096280030 0.6
096310001 0.8
096310002 1
096310003 0.6
096310004 0.8
096310005 1
096310006 1.2
096310007 1
096310008 1.2
096310009 0.6
096310010 0.8
096310011 1
096310012 1.4
096310013 0.8
096310014 1.4
096310015 0.6
096310016 1.2
096310017 1
096310018 0.6
096310019 1.4
096310020 1.4
096350006 1
096350007 0.8
096350008 1
096350009 0.6
096350010 0.8
096350011 1
096350012 0.6
096350013 0.8
096350014 1
096350015 1
096350016 1.2
096350018 1
096350019 1.2
096350020 1.2
096350021 1
096350023 0.6
096350024 1.2
096350025 1.2
096350026 1
096350027 1.2
096390001 1
096390002 1.2
096390003 0.8
096390004 1.2
096390005 1
096390006 0.8
096390007 1.6
096390008 1.4
096390009 1.4
096390010 1.4
096390011 1.2
096390012 1
096390013 1
096390014 1.6
096390015 1.4
096390016 1
096390017 1.4
096390018 0.8
096390019 1.2
096390020 0.6
096430002 0.8
096430003 1
096430004 0.6
096430005 0.6
096430006 0.8
096430007 0.6
096430008 0.6
096430009 0.8
096430010 0.4
096430011 0.6
096430012 0.4
096430013 0.4
096430014 0.6
096430015 0.8
096430016 0.4
096430017 0.6
096430018 0.8
096430019 0.4
096430020 0.6
096430021 0.8
096460002 0.6
096460003 0.6
096460004 0.8
096460005 0.6
096460006 0.6
096460007 1
096460008 0.6
096460009 0.8
096460010 1
096460011 0.6
096460012 0.8
096460013 1
096460014 1.2
096460015 0.8
096460016 1.2
096460017 0.6
096460018 0.8
096460019 1
096460020 0.6
096460021 0.8
096470002 0.8
096470003 0.8
096470004 0.6
096470005 0.8
096470007 0.8
096470008 0.8
096470010 1
096470011 0.6
096470012 0.6
096470013 1
096470014 0.6
096470015 0.8
096470016 1
096470017 0.6
096470018 1.4
096470019 0.8
096470020 1
096470021 0.6
096470022 0.8
096470023 0.6
096490001 1
096490002 0.8
096490003 0.6
096490004 0.8
096490005 0.8
096490006 0.6
096490007 0.6
096490008 0.8
096490009 0.6
096490010 1.2
096490011 0.6
096490012 0.6
096490013 1.2
096490014 1.2
096490015 1
096490016 0.6
096490017 1
096490018 0.6
096490019 1
096490020 0.8
070010001 1.2
070010002 1
070010003 1
070010004 0.6
070010005 0.8
070010006 0.8
070010007 1
070010008 0.8
070010009 1
070010010 0.6
070010011 1.2
070010012 1
070010013 1.2
070010014 1
070010015 0.8
070010016 1
070010017 0.8
070010018 1
070010019 1
070010020 0.8
080020001 1
080020002 0.6
080020003 0.6
080020004 1.2
080020005 0.6
080020006 0.8
080020007 1
080020008 0.6
080020009 0.8
080020010 1
080020011 1.2
080020012 0.8
080020013 1
080020014 0.6
080020015 1.2
080020016 1
080020017 1.2
080020018 0.8
080020019 1
080020020 1
096000002 0.8
096000003 1
096000004 0.6
096000005 0.8
096000006 0.8
096000007 0.6
096000008 0.8
096000009 1
096000010 0.6
096000011 1
096000012 1
096000013 0.6
096000014 0.8
096000015 1
096000016 1
096000017 0.8
096000018 1
096000020 1
096000021 0.8
096000022 1.2
096060001 0.6
096060002 0.8
096060003 1
096060004 0.6
096060005 0.8
096060006 0.8
096060007 0.6
096060008 0.6
096060009 0.8
096060010 1
096060011 1
096060012 1
096060013 0.6
096060014 0.6
096060015 1
096060016 0.6
096060017 0.8
096060019 1
096060020 0.6
096060022 1
096070002 1.2
096070003 1.2
096070005 1.2
096070006 1
096070007 1.4
096070008 0.8
096070011 1.2
096070012 0.6
096070013 1.2
096070014 1
096070015 1.2
096070016 0.8
096070017 1
096070018 0.6
096070019 1.2
096070020 1.4
096070021 0.6
096070022 1.2
096070023 1.2
096070024 1.2
096110001 0.8
096110002 0.8
096110003 0.6
096110004 1
096110005 1
096110006 0.6
096110008 1.4
096110009 1.2
096110011 1
096110012 0.8
096110013 1
096110014 1.2
096110015 1.2
096110016 1
096110017 0.6
096110018 0.8
096110019 1
096110021 0.6
096110022 0.8
096110023 1
096120001 0.6
096120002 1.4
096120003 1
096120004 1.4
096120005 0.8
096120006 1
096120007 1
096120008 0.8
096120009 1.2
096120010 0.6
096120011 1.2
096120012 1
096120013 1.2
096120014 1.4
096120015 1.2
096120016 0.8
096120017 0.8
096120018 1.2
096120019 1.2
096120020 0.8
096190001 1
096190002 1.4
096190003 1
096190004 1
096190005 0.6
096190006 1.2
096190007 1
096190008 1
096190009 0.8
096190010 0.8
096190011 0.6
096190012 0.8
096190013 1
096190014 0.6
096190015 0.8
096190016 1
096190017 0.6
096190019 1.2
096190020 1
096190021 1.2
096220001 1
096220002 1
096220003 1
096220004 0.8
096220005 1
096220006 0.6
096220007 0.8
096220008 1
096220009 1
096220010 1
096220011 1
096220012 0.6
096220013 0.8
096220014 1.2
096220015 0.6
096220016 0.8
096220017 1
096220018 0.6
096220019 0.8
096220020 0.8
096250001 1
096250002 0.8
096250003 0.8
096250004 0.6
096250005 1
096250007 1
096250008 0.6
096250009 0.8
096250010 1
096250011 0.6
096250012 0.8
096250013 1
096250014 0.6
096250015 0.8
096250016 1
096250017 0.6
096250018 0.8
096250020 1
096250021 0.6
096250023 0.8
096260002 1
096260003 0.6
096260004 0.8
096260005 1
096260006 0.6
096260007 0.8
096260008 0.8
096260009 0.6
096260011 0.8
096260012 0.8
096260013 0.6
096260014 1
096260015 1
096260016 0.6
096260017 0.8
096260018 0.8
096260019 0.6
096260020 0.8
096260021 0.8
096260022 0.6
096290001 1.2
096290002 1.2
096290004 0.6
096290005 1
096290006 1
096290007 0.6
096290008 1
096290009 1
096290010 1
096290011 1
096290012 1
096290014 1
096290015 1.2
096290016 1
096290017 1.2
096290018 1
096290020 1
096290021 1
096290022 1
096290023 1
096300001 1
096300002 1.2
096300003 1
096300004 0.6
096300005 1.2
096300006 1
096300007 0.6
096300008 0.8
096300009 1.2
096300010 1.4
096300011 0.8
096300012 1.2
096300013 0.6
096300014 0.8
096300015 1.2
096300016 0.6
096300017 1
096300018 1
096300019 0.6
096300020 0.8
096330003 1
096330005 0.6
096330006 1.2
096330007 1.4
096330008 1.2
096330009 1.4
096330010 1.2
096330011 1
096330012 1.2
096330013 1
096330014 1
096330015 0.8
096330016 1
096330017 1
096330018 1.2
096330019 1.2
096330020 0.6
096330021 0.8
096330022 1
096330023 0.6
096340004 1
096340005 1
096340006 0.6
096340007 0.8
096340008 0.8
096340009 0.6
096340010 0.6
096340011 0.8
096340012 0.6
096340013 0.6
096340014 0.8
096340015 0.4
096340016 0.8
096340017 0.8
096340018 0.6
096340019 0.8
096340020 0.8
096340021 0.6
096340022 0.6
096340023 0.8
096400001 0.6
096400002 0.8
096400004 1
096400006 0.6
096400007 0.8
096400008 0.8
096400010 0.6
096400012 1.2
096400013 0.8
096400014 0.6
096400016 0.8
096400018 1.4
096400019 0.6
096400020 0.8
096400021 1
096400022 1.2
096400024 0.8
096400025 1.4
096400026 1.2
096400028 0.8
096450001 1
096450002 0.6
096450003 0.8
096450004 0.8
096450005 1
096450006 0.8
096450007 0.8
096450008 1.4
096450010 0.8
096450011 0.8
096450012 1.2
096450013 1.2
096450014 1
096450015 1.2
096450016 0.8
096450017 0.8
096450018 0.6
096450019 0.8
096450020 0.8
096450021 0.6
