000010011 8
000010035 8
000010053 9
000010063 9
000010069 9
000010075 9
000010089 9
000010095 9
000010106 8
000010113 5
000010115 9
000010121 8
000010122 9
000010133 8
000010135 8
000010140 8
000010145 9
000010149 8
000010168 10
000010173 9
000030012 9
000030024 7
000030040 9
000030047 7
000030049 9
000030051 7
000030054 8
000030059 8
000030067 8
000030069 9
000030079 8
000030080 8
000030097 7
000030101 9
000030116 8
000030119 8
000030145 8
000030153 8
000030154 8
000030175 9
000050003 7
000050010 7
000050024 6
000050028 8
000050038 7
000050040 8
000050047 7
000050049 7
000050055 8
000050078 7
000050079 6
000050083 5
000050095 7
000050099 7
000050100 7
000050114 7
000050118 5
000050122 5
000050174 7
000050175 8
000060015 9
000060020 8
000060029 9
000060031 9
000060049 8
000060056 9
000060077 9
000060081 9
000060082 9
000060083 9
000060094 9
000060102 9
000060106 9
000060111 9
000060113 9
000060116 9
000060124 9
000060130 9
000060136 9
000060153 9
000240010 9
000240031 9
000240060 9
000240071 9
000240073 8
000240099 8
000240115 8
000240116 9
000240151 9
000240152 9
000240248 10
000240284 8
000240287 9
000240289 7
000240320 9
000240323 7
000240324 9
000240329 8
000240350 8
000240352 8
000260001 6
000260011 8
000260015 9
000260032 8
000260033 8
000260039 9
000260048 8
000260050 9
000260052 9
000260069 7
000260075 8
000260091 8
000260095 8
000260096 9
000260112 9
000260115 8
000260121 9
000260126 9
000260133 9
000260166 9
000360013 9
000360034 8
000360036 8
000360132 8
000360133 8
000360161 7
000360190 8
000360210 8
000360223 7
000360241 8
000360264 7
000360283 8
000360313 8
000360314 8
000360332 8
000360334 8
000360339 8
000360343 8
000360360 7
000360378 8
000440005 6
000440021 7
000440032 8
000440035 7
000440043 7
000440045 8
000440049 8
000440062 7
000440082 5
000440089 8
000440090 8
000440099 6
000440104 5
000440126 7
000440132 7
000440145 7
000440147 6
000440163 6
000440173 7
000440175 4
000480010 7
000480014 5
000480015 7
000480016 6
000480019 7
000480023 6
000480033 5
000480045 7
000480068 7
000480081 5
000480089 7
000480090 4
000480108 5
000480119 7
000480125 4
000480134 5
000480136 4
000480151 6
000480158 7
000480159 7
000490002 8
000490017 7
000490032 8
000490047 8
000490052 9
000490086 7
000490087 7
000490088 8
000490092 8
000490097 6
000490101 7
000490102 8
000490117 7
000490134 8
000490144 7
000490151 8
000490157 8
000490162 8
000490164 8
000490175 8
000530003 8
000530006 8
000530019 8
000530027 7
000530030 8
000530037 8
000530054 8
000530055 9
000530060 7
000530063 6
000530076 7
000530077 7
000530094 8
000530109 7
000530112 7
000530115 8
000530145 4
000530154 8
000530163 7
000530174 8
000540001 8
000540004 7
000540014 8
000540018 8
000540031 8
000540054 9
000540055 8
000540058 8
000540062 5
000540072 8
000540077 8
000540088 8
000540106 7
000540111 8
000540117 8
000540123 7
000540127 8
000540130 8
000540156 8
000540163 8
000560016 7
000560017 7
000560026 6
000560030 7
000560033 8
000560038 6
000560058 6
000560068 7
000560074 8
000560075 8
000560084 7
000560086 7
000560088 8
000560116 7
000560117 6
000560134 7
000560154 7
000560159 6
000560162 6
000560172 7
000700008 8
000700010 7
000700012 7
000700015 7
000700019 7
000700034 8
000700037 7
000700046 8
000700048 8
000700053 8
000700063 6
000700065 5
000700082 8
000700109 8
000700120 8
000700123 8
000700130 7
000700151 8
000700156 6
000700174 8
000750005 8
000750015 8
000750020 7
000750024 7
000750026 7
000750029 8
000750045 7
000750068 6
000750080 7
000750082 7
000750085 8
000750091 8
000750101 8
000750106 8
000750108 7
000750123 8
000750128 5
000750134 6
000750140 8
000750149 7
000920002 4
000920009 8
000920010 7
000920025 8
000920040 8
000920051 8
000920055 8
000920074 8
000920092 7
000920094 7
000920099 8
000920104 7
000920122 8
000920126 8
000920129 7
000920134 7
000920136 8
000920149 6
000920167 7
000920173 7
000930005 8
000930014 7
000930018 7
000930026 9
000930035 8
000930040 8
000930048 7
000930050 8
000930051 8
000930056 8
000930089 8
000930091 7
000930095 7
000930099 8
000930101 8
000930111 8
000930148 7
000930151 7
000930155 8
000930162 8
000940012 9
000940015 9
000940021 9
000940027 10
000940032 9
000940042 8
000940049 8
000940067 9
000940068 9
000940073 8
000940074 9
000940086 9
000940093 7
000940102 9
000940103 9
000940122 9
000940133 9
000940147 9
000940150 9
000940173 9
000960002 8
000960008 7
000960019 7
000960040 6
000960043 7
000960046 8
000960048 5
000960049 7
000960050 8
000960052 7
000960054 7
000960066 7
000960071 7
000960073 7
000960084 6
000960090 6
000960093 7
000960136 8
000960167 8
000960168 8
001030008 9
001030013 8
001030032 8
001030048 8
001030053 9
001030054 9
001030060 8
001030061 8
001030065 9
001030077 8
001030078 8
001030090 8
001030099 8
001030102 8
001030103 8
001030121 8
001030136 8
001030143 8
001030144 8
001030155 9
001040022 8
001040026 8
001040038 7
001040050 8
001040062 8
001040067 8
001040069 8
001040071 8
001040073 8
001040100 8
001040104 8
001040106 7
001040108 6
001040115 7
001040120 8
001040122 7
001040134 8
001040136 8
001040149 7
001040173 8
001110009 7
001110023 8
001110039 8
001110040 9
001110047 8
001110056 6
001110060 7
001110067 7
001110072 8
001110076 7
001110094 7
001110099 8
001110114 8
001110122 6
001110129 7
001110135 7
001110137 7
001110141 7
001110151 8
001110173 7
001120010 9
001120013 4
001120024 4
001120031 8
001120038 8
001120063 7
001120078 7
001120090 8
001120097 6
001120098 7
001120101 7
001120105 5
001120119 6
001120130 7
001120136 7
001120141 6
001120148 6
001120156 7
001120159 8
001120162 8
001130002 7
001130005 8
001130019 8
001130021 7
001130023 7
001130024 7
001130039 8
001130047 8
001130054 7
001130073 7
001130074 8
001130082 8
001130087 7
001130102 7
001130118 7
001130123 7
001130138 8
001130155 8
001130168 8
001130173 8
001140008 9
001140045 9
001140046 10
001140049 9
001140054 9
001140056 9
001140059 8
001140064 9
001140068 9
001140099 7
001140100 7
001140104 8
001140108 7
001140120 8
001140130 7
001140133 8
001140140 7
001140146 8
001140159 8
001140163 8
001200015 8
001200016 7
001200050 8
001200081 9
001200098 7
001200103 9
001200114 8
001200121 9
001200126 9
001200145 8
001200146 9
001200159 8
001200161 9
001200162 9
001200168 9
001200209 9
001200210 8
001200306 9
001200338 8
001200350 9
001220013 7
001220015 7
001220021 8
001220031 7
001220034 7
001220037 6
001220038 8
001220051 8
001220068 7
001220093 7
001220101 7
001220104 7
001220127 6
001220129 7
001220137 7
001220138 6
001220159 7
001220163 6
001220166 8
001220168 7
001310020 8
001310022 8
001310023 8
001310061 8
001310062 8
001310076 8
001310078 8
001310081 8
001310096 8
001310122 7
001310123 7
001310129 8
001310144 7
001310148 9
001310152 7
001310154 8
001310155 9
001310162 4
001310165 8
001310168 7
001330002 8
001330027 8
001330033 7
001330057 8
001330067 8
001330068 8
001330075 7
001330097 7
001330099 7
001330112 7
001330115 7
001330118 7
001330126 8
001330128 8
001330129 6
001330143 6
001330146 8
001330155 5
001330170 8
001330172 8
001350002 8
001350091 8
001350119 8
001350124 9
001350134 9
001350163 9
001350174 8
001350180 9
001350194 9
001350216 9
001350219 9
001350243 10
001350285 10
001350312 9
001350317 9
001350318 8
001350343 9
001350350 10
001350356 8
001350375 9
001450037 8
001450043 7
001450049 7
001450051 6
001450063 5
001450070 7
001450083 7
001450090 7
001450094 7
001450098 7
001450109 5
001450116 6
001450140 6
001450142 8
001450146 9
001450159 7
001450170 7
001450171 7
001450172 7
001450173 8
001490002 7
001490016 8
001490024 8
001490032 9
001490039 8
001490045 7
001490052 7
001490056 8
001490077 8
001490080 7
001490093 8
001490101 8
001490109 6
001490127 7
001490131 7
001490138 7
001490153 8
001490155 8
001490161 7
001490171 7
001570024 8
001570030 9
001570034 9
001570061 9
001570072 9
001570100 9
001570165 9
001570185 9
001570194 9
001570203 9
001570212 9
001570216 9
001570269 9
001570272 9
001570290 9
001570316 8
001570324 9
001570325 8
001570361 9
001570378 9
003060002 4
003060017 5
003060025 3
003060028 6
003060064 6
003060087 5
003060107 4
003060161 5
003060186 6
003060226 7
003060229 6
003060235 7
003060245 6
003060259 5
003060263 5
003060285 5
003060291 6
003060306 5
003060319 6
003060337 6
004570010 3
004570071 7
004570074 7
004570106 7
004570124 6
004570129 7
004570137 6
004570145 6
004570146 6
004570167 7
004570237 4
004570256 5
004570259 7
004570268 6
004570283 6
004570289 7
004570300 7
004570304 7
004570306 6
004570374 6
004610037 6
004610054 7
004610065 4
004610129 6
004610148 8
004610151 7
004610176 7
004610177 8
004610182 6
004610227 5
004610230 7
004610231 7
004610238 7
004610239 7
004610246 7
004610266 6
004610290 5
004610298 6
004610362 7
004610373 5
004820005 9
004820015 8
004820041 9
004820045 9
004820055 9
004820114 8
004820119 8
004820144 9
004820201 8
004820214 9
004820220 9
004820239 8
004820258 7
004820265 9
004820268 7
004820329 9
004820353 8
004820370 4
004820371 8
004820378 8
005600015 6
005600060 7
005600065 7
005600129 6
005600145 8
005600146 7
005600153 8
005600154 7
005600180 7
005600199 7
005600205 6
005600212 7
005600214 6
005600268 7
005600294 7
005600296 5
005600298 7
005600318 6
005600365 7
005600370 7
005630017 7
005630044 6
005630072 6
005630081 7
005630122 7
005630127 7
005630142 7
005630147 7
005630151 6
005630160 6
005630169 7
005630195 7
005630225 7
005630267 7
005630284 7
005630291 7
005630302 7
005630315 6
005630330 7
005630375 7
005670043 6
005670055 6
005670113 6
005670122 7
005670125 5
005670137 7
005670147 6
005670155 5
005670159 7
005670160 7
005670189 7
005670198 7
005670282 6
005670289 7
005670292 6
005670303 5
005670310 7
005670320 6
005670348 6
005670356 5
005750059 6
005750067 7
005750089 7
005750099 6
005750150 7
005750168 7
005750178 7
005750179 7
005750237 7
005750249 7
005750268 6
005750270 6
005750290 7
005750297 7
005750298 7
005750300 6
005750303 7
005750321 7
005750330 7
005750347 6
005940019 7
005940025 7
005940141 7
005940142 7
005940164 6
005940174 7
005940193 7
005940195 4
005940234 5
005940237 6
005940238 6
005940252 6
005940263 6
005940267 3
005940271 7
005940283 7
005940304 8
005940318 6
005940373 6
005940380 3
007360004 6
007360006 5
007360036 6
007360045 6
007360055 5
007360108 3
007360181 6
007360196 6
007360205 8
007360212 6
007360233 5
007360247 5
007360249 4
007360250 7
007360280 6
007360281 6
007360296 6
007360299 5
007360305 4
007360374 6
007390013 5
007390019 4
007390062 6
007390070 6
007390072 7
007390092 7
007390119 7
007390120 7
007390139 6
007390160 6
007390195 6
007390197 6
007390208 6
007390211 6
007390220 6
007390228 7
007390238 6
007390281 6
007390294 7
007390355 6
007650036 6
007650061 5
007650076 5
007650078 5
007650084 6
007650089 6
007650116 6
007650131 6
007650174 6
007650181 7
007650192 7
007650197 7
007650254 7
007650271 7
007650294 6
007650337 7
007650346 7
007650352 7
007650369 6
007650377 7
008110043 9
008110049 8
008110106 9
008110107 9
008110110 8
008110113 9
008110116 9
008110147 9
008110159 9
008110175 9
008110204 9
008110209 9
008110224 9
008110247 8
008110258 9
008110286 9
008110287 8
008110307 9
008110340 8
008110371 9
008130061 9
008130081 9
008130091 9
008130100 9
008130153 9
008130196 9
008130222 9
008130233 9
008130257 9
008130271 9
008130281 9
008130282 9
008130283 9
008130288 9
008130301 9
008130339 9
008130340 9
008130346 8
008130356 9
008130380 9
009600062 7
009600113 7
009600118 7
009600120 7
009600127 8
009600129 8
009600133 7
009600140 8
009600186 8
009600190 7
009600205 7
009600215 7
009600262 7
009600267 8
009600270 8
009600287 7
009600335 6
009600337 5
009600338 7
009600343 7
009810029 8
009810073 7
009810075 7
009810106 8
009810112 7
009810153 7
009810155 7
009810196 7
009810200 7
009810204 8
009810230 7
009810235 8
009810249 7
009810258 6
009810283 8
009810293 8
009810305 8
009810327 7
009810344 7
009810349 8
010120008 9
010120059 8
010120071 8
010120128 9
010120148 8
010120166 8
010120180 8
010120193 9
010120200 8
010120208 9
010120212 8
010120219 8
010120243 8
010120255 9
010120265 8
010120269 8
010120303 8
010120334 9
010120335 9
010120374 9
010270117 8
010270124 8
010270131 9
010270140 9
010270170 9
010270198 9
010270226 9
010270238 9
010270265 9
010270268 9
010270294 8
010270301 8
010270306 8
010270314 9
010270349 9
010270354 8
010270356 8
010270366 9
010270368 9
010270377 8
010290003 8
010290066 8
010290094 9
010290096 9
010290123 8
010290152 9
010290179 9
010290189 9
010290229 9
010290236 9
010290252 9
010290260 9
010290276 9
010290287 9
010290294 9
010290320 9
010290330 9
010290341 9
010290361 8
010290362 8
010300003 9
010300105 8
010300106 9
010300123 9
010300128 8
010300133 9
010300153 9
010300157 9
010300159 9
010300169 8
010300194 9
010300216 8
010300217 9
010300236 9
010300275 9
010300282 9
010300298 9
010300316 9
010300325 9
010300328 9
010330026 9
010330033 8
010330035 9
010330052 8
010330053 9
010330085 9
010330103 9
010330129 8
010330139 8
010330147 9
010330197 9
010330206 9
010330235 8
010330241 9
010330257 9
010330268 9
010330277 8
010330325 8
010330345 9
010330346 9
010370025 8
010370070 8
010370099 8
010370102 9
010370131 8
010370140 8
010370202 8
010370204 9
010370216 8
010370217 8
010370232 9
010370234 9
010370246 9
010370251 9
010370253 9
010370265 9
010370290 8
010370309 9
010370352 9
010370380 9
010390004 8
010390027 8
010390039 9
010390041 9
010390064 9
010390126 8
010390166 9
010390170 9
010390175 8
010390183 9
010390189 9
010390216 8
010390218 9
010390244 8
010390257 9
010390269 9
010390285 8
010390303 8
010390341 8
010390366 9
010420022 7
010420023 8
010420025 8
010420034 8
010420040 7
010420047 9
010420059 7
010420060 8
010420064 7
010420102 7
010420105 8
010420107 7
010420129 7
010420133 8
010420134 7
010420143 7
010420151 7
010420157 7
010420167 7
010420175 8
010440006 8
010440008 7
010440012 7
010440017 8
010440038 9
010440039 8
010440053 8
010440064 8
010440077 7
010440093 7
010440099 9
010440106 8
010440107 7
010440117 8
010440119 8
010440120 8
010440127 8
010440149 9
010440150 9
010440154 9
010460017 6
010460020 7
010460030 7
010460034 8
010460041 7
010460050 7
010460053 8
010460061 7
010460066 7
010460079 8
010460088 7
010460111 8
010460114 6
010460120 6
010460149 6
010460152 8
010460153 4
010460155 6
010460158 8
010460162 7
010500012 7
010500018 6
010500028 5
010500058 5
010500071 8
010500073 7
010500083 7
010500085 7
010500089 7
010500090 7
010500100 7
010500108 7
010500110 8
010500113 7
010500131 8
010500147 7
010500149 7
010500152 8
010500163 8
010500167 8
010610015 8
010610017 7
010610024 7
010610025 7
010610035 7
010610057 7
010610067 6
010610069 7
010610073 7
010610080 8
010610087 7
010610094 7
010610099 6
010610102 7
010610113 7
010610114 7
010610129 6
010610151 6
010610165 7
010610171 7
010640005 7
010640017 7
010640028 7
010640034 7
010640036 7
010640056 5
010640082 7
010640098 7
010640166 7
010640210 7
010640212 7
010640242 8
010640250 8
010640277 8
010640280 7
010640284 8
010640286 8
010640297 7
010640314 7
010640366 5
010750002 8
010750003 7
010750010 9
010750011 7
010750021 7
010750024 8
010750026 9
010750035 7
010750043 9
010750060 7
010750062 7
010750072 6
010750094 6
010750097 8
010750099 8
010750102 7
010750104 7
010750117 8
010750163 7
010750168 7
010760001 7
010760002 7
010760013 7
010760032 6
010760038 6
010760046 7
010760060 7
010760062 7
010760067 7
010760076 6
010760079 6
010760089 3
010760097 6
010760108 7
010760111 3
010760116 6
010760136 5
010760151 7
010760162 7
010760169 7
010920012 7
010920024 6
010920025 5
010920030 7
010920032 7
010920033 6
010920043 7
010920044 8
010920065 6
010920070 6
010920075 8
010920101 8
010920105 7
010920125 4
010920126 7
010920138 5
010920141 7
010920153 7
010920159 7
010920165 8
010990020 9
010990048 9
010990060 9
010990063 9
010990082 8
010990087 9
010990123 9
010990139 9
010990162 9
010990165 9
010990188 8
010990202 9
010990218 9
010990239 9
010990260 9
010990267 9
010990276 9
010990279 8
010990291 9
010990313 8
011090011 7
011090020 7
011090034 7
011090089 7
011090140 7
011090154 7
011090184 7
011090220 7
011090235 7
011090246 7
011090273 7
011090277 7
011090292 7
011090295 7
011090320 6
011090329 7
011090333 7
011090334 7
011090335 7
011090359 7
011350001 7
011350026 7
011350027 6
011350064 7
011350116 7
011350141 7
011350158 7
011350173 7
011350190 6
011350215 6
011350218 6
011350221 7
011350225 7
011350249 6
011350257 6
011350290 6
011350303 7
011350318 6
011350345 6
011350374 7
011560005 8
011560058 9
011560063 9
011560068 8
011560072 9
011560075 9
011560086 9
011560100 8
011560117 9
011560184 9
011560192 9
011560202 9
011560257 9
011560269 9
011560275 9
011560289 9
011560320 9
011560353 9
011560354 9
011560372 9
011810063 8
011810067 6
011810133 8
011810162 7
011810168 7
011810173 7
011810184 7
011810197 6
011810206 6
011810213 6
011810214 7
011810222 7
011810246 8
011810247 8
011810279 7
011810280 7
011810284 6
011810314 7
011810334 7
011810377 7
011860256 6
011860263 6
011860264 7
011860284 7
011860285 5
011860287 7
011860292 6
011860298 6
011860301 6
011860308 6
011860317 6
011860332 7
011860335 6
011860346 7
011860359 8
011860361 7
011860363 4
011860372 7
011860373 5
011860377 5
011970004 7
011970006 7
011970019 7
011970023 7
011970036 9
011970042 9
011970075 8
011970081 7
011970087 7
011970088 7
011970092 7
011970095 8
011970107 7
011970132 6
011970141 7
011970142 8
011970145 7
011970165 8
011970173 8
011970175 7
012030007 8
012030010 8
012030013 7
012030024 8
012030027 7
012030031 9
012030032 8
012030036 8
012030043 9
012030044 9
012030053 6
012030055 7
012030058 7
012030072 8
012030078 7
012030083 8
012030093 8
012030097 8
012030116 8
012030138 7
012280016 3
012280033 7
012280053 7
012280054 7
012280161 8
012280173 7
012280198 6
012280201 7
012280206 8
012280243 7
012280261 6
012280262 8
012280276 8
012280288 8
012280308 7
012280343 8
012280345 7
012280355 7
012280366 7
012280375 8
012600017 7
012600072 7
012600082 8
012600129 7
012600131 8
012600177 7
012600186 7
012600210 7
012600219 7
012600224 8
012600251 7
012600252 7
012600263 7
012600281 7
012600295 7
012600330 8
012600338 7
012600345 7
012600357 7
012600368 7
012920007 8
012920027 7
012920054 9
012920062 8
012920073 7
012920085 8
012920110 7
012920121 9
012920143 8
012920146 8
012920155 8
012920158 8
012920214 8
012920254 9
012920259 8
012920268 7
012920270 8
012920299 8
012920301 9
012920368 7
012930008 7
012930012 8
012930028 8
012930036 9
012930037 8
012930040 8
012930051 9
012930067 7
012930079 9
012930097 8
012930114 8
012930127 8
012930139 8
012930155 8
012930195 9
012930225 9
012930240 9
012930261 8
012930266 9
012930315 9
013090018 8
013090027 8
013090041 8
013090051 7
013090076 8
013090105 8
013090128 8
013090147 8
013090148 8
013090160 8
013090179 8
013090181 9
013090184 8
013090185 8
013090202 8
013090232 7
013090267 8
013090287 7
013090339 8
013090364 7
013340007 8
013340034 8
013340046 7
013340091 7
013340137 8
013340147 7
013340159 8
013340204 7
013340217 7
013340243 8
013340245 7
013340255 7
013340259 7
013340277 9
013340291 7
013340297 7
013340313 8
013340345 7
013340375 7
013340378 7
013360001 4
013360002 8
013360016 7
013360082 7
013360123 8
013360130 7
013360140 8
013360145 7
013360146 7
013360161 7
013360162 6
013360171 7
013360226 8
013360234 7
013360235 8
013360257 8
013360263 7
013360268 7
013360360 7
013360363 8
013620027 7
013620030 7
013620106 7
013620108 7
013620128 8
013620137 7
013620140 8
013620143 7
013620146 9
013620162 8
013620175 7
013620184 7
013620185 7
013620210 7
013620241 8
013620257 7
013620258 8
013620292 7
013620361 7
013620366 8
013720023 9
013720051 7
013720070 8
013720082 8
013720140 7
013720152 7
013720153 7
013720167 7
013720182 7
013720189 7
013720198 7
013720199 7
013720201 7
013720215 7
013720233 8
013720256 7
013720274 7
013720275 9
013720311 8
013720360 7
014040005 5
014040013 6
014040027 5
014040028 7
014040052 1
014040072 5
014040081 2
014040088 0
014040089 0
014040090 0
014040096 3
014040097 1
014040109 6
014040111 3
014040122 0
014040124 7
014040145 6
014040148 0
014040152 7
014040155 6
014070040 7
014070080 8
014070092 7
014070101 7
014070159 7
014070207 7
014070217 7
014070239 7
014070248 7
014070265 7
014070270 7
014070281 7
014070297 7
014070304 7
014070308 7
014070336 6
014070341 6
014070343 7
014070349 7
014070358 7
014080008 7
014080073 7
014080091 7
014080103 7
014080117 8
014080134 8
014080149 8
014080178 7
014080201 8
014080243 7
014080270 8
014080279 7
014080301 8
014080333 8
014080336 8
014080337 8
014080339 8
014080358 7
014080361 7
014080362 8
014180002 8
014180008 7
014180011 8
014180013 8
014180044 7
014180051 8
014180063 8
014180077 8
014180084 8
014180088 8
014180100 8
014180131 7
014180139 8
014180143 6
014180150 9
014180155 9
014180158 9
014180160 8
014180165 8
014180166 8
014190006 8
014190025 6
014190027 7
014190030 7
014190055 7
014190059 9
014190060 5
014190062 4
014190064 7
014190071 9
014190073 7
014190081 7
014190088 8
014190095 7
014190098 6
014190107 8
014190108 7
014190114 8
014190128 7
014190172 7
014200011 10
014200060 9
014200076 9
014200086 8
014200087 9
014200124 8
014200161 8
014200177 8
014200206 8
014200207 8
014200229 10
014200238 8
014200246 9
014200272 8
014200295 9
014200296 9
014200339 8
014200342 9
014200353 9
014200357 9
014220001 4
014220003 7
014220021 5
014220027 7
014220038 8
014220044 5
014220048 3
014220058 4
014220066 7
014220068 7
014220070 2
014220081 4
014220087 5
014220102 3
014220115 4
014220140 3
014220142 4
014220159 5
014220160 7
014220167 8
014350004 8
014350012 7
014350016 7
014350017 6
014350018 6
014350020 8
014350022 8
014350028 7
014350085 7
014350094 8
014350103 4
014350110 8
014350127 5
014350133 3
014350146 4
014350153 8
014350157 9
014350158 8
014350163 9
014350165 8
014390008 8
014390009 8
014390045 8
014390051 7
014390052 8
014390057 7
014390064 8
014390068 8
014390076 8
014390086 7
014390090 7
014390117 7
014390124 7
014390133 8
014390134 7
014390135 7
014390143 7
014390154 8
014390156 7
014390163 8
014470007 7
014470017 8
014470026 8
014470028 8
014470031 7
014470038 9
014470039 8
014470048 8
014470053 9
014470060 9
014470063 7
014470072 7
014470084 7
014470100 8
014470109 8
014470124 8
014470140 7
014470141 7
014470149 7
014470150 4
014650011 8
014650023 7
014650032 9
014650037 9
014650038 8
014650040 8
014650041 8
014650043 8
014650047 9
014650058 7
014650059 8
014650063 7
014650085 8
014650087 7
014650088 7
014650108 7
014650113 7
014650125 7
014650145 5
014650164 8
014690004 7
014690006 8
014690018 8
014690020 7
014690047 7
014690048 9
014690050 8
014690055 8
014690062 8
014690067 9
014690074 7
014690082 8
014690110 8
014690113 8
014690121 8
014690125 9
014690136 8
014690144 6
014690150 8
014690167 8
015010004 9
015010014 9
015010033 8
015010038 8
015010041 9
015010079 8
015010087 7
015010094 8
015010097 8
015010103 8
015010115 7
015010121 7
015010125 6
015010137 7
015010145 8
015010151 9
015010156 5
015010159 9
015010169 7
015010170 8
015020001 6
015020007 3
015020010 7
015020012 5
015020017 7
015020022 7
015020029 8
015020045 7
015020061 7
015020065 7
015020070 7
015020088 7
015020097 8
015020099 7
015020101 8
015020113 7
015020126 6
015020136 6
015020161 8
015020162 7
015030001 7
015030005 8
015030006 6
015030010 7
015030015 6
015030027 3
015030030 8
015030041 9
015030067 6
015030077 8
015030082 8
015030106 8
015030109 8
015030115 8
015030118 7
015030122 8
015030125 8
015030133 8
015030142 8
015030150 8
020020015 9
020020032 8
020020094 9
020020108 9
020020123 9
020020174 9
020020181 9
020020185 9
020020204 9
020020206 9
020020208 9
020020220 9
020020278 9
020020285 9
020020295 9
020020303 9
020020348 8
020020357 9
020020361 9
020020377 9
020070039 8
020070050 9
020070065 8
020070066 8
020070070 8
020070079 8
020070081 8
020070083 6
020070086 8
020070091 8
020070095 7
020070105 8
020070132 8
020070146 8
020070152 9
020070153 8
020070154 8
020070157 8
020070165 8
020070166 8
020140004 7
020140014 9
020140028 8
020140032 4
020140036 8
020140041 7
020140045 9
020140048 8
020140055 8
020140059 7
020140074 8
020140083 8
020140087 7
020140096 7
020140099 8
020140114 7
020140117 8
020140121 8
020140133 7
020140173 8
020160042 9
020160068 8
020160093 9
020160128 8
020160131 9
020160132 9
020160151 9
020160171 9
020160178 9
020160207 8
020160222 9
020160245 9
020160264 9
020160295 8
020160312 9
020160318 8
020160335 8
020160344 9
020160347 8
020160371 9
020220021 8
020220023 8
020220033 8
020220048 9
020220056 9
020220060 9
020220072 8
020220091 8
020220120 8
020220122 9
020220139 7
020220141 9
020220176 7
020220200 9
020220221 8
020220232 9
020220259 7
020220264 7
020220295 9
020220366 9
020270001 7
020270005 6
020270020 8
020270030 5
020270042 7
020270048 8
020270049 8
020270077 7
020270087 8
020270108 7
020270113 7
020270136 9
020270142 7
020270146 8
020270161 8
020270167 8
020270168 8
020270170 8
020270171 8
020270174 7
020300005 8
020300012 8
020300017 8
020300020 8
020300044 8
020300053 6
020300056 7
020300057 7
020300059 8
020300065 8
020300073 4
020300083 7
020300097 7
020300121 7
020300132 8
020300143 8
020300147 9
020300156 8
020300171 7
020300173 7
020310032 8
020310042 8
020310075 8
020310085 8
020310112 8
020310114 8
020310133 8
020310141 9
020310148 8
020310151 8
020310154 8
020310174 7
020310219 9
020310273 8
020310281 8
020310295 8
020310297 8
020310322 8
020310335 9
020310376 9
020340016 7
020340019 8
020340029 8
020340043 8
020340055 8
020340056 8
020340063 8
020340065 8
020340071 7
020340096 8
020340098 8
020340109 6
020340113 7
020340124 8
020340140 8
020340144 8
020340156 8
020340162 7
020340166 8
020340169 9
020360017 9
020360019 9
020360036 8
020360055 8
020360089 8
020360097 8
020360100 8
020360131 8
020360136 9
020360143 9
020360202 9
020360211 9
020360220 8
020360228 9
020360245 8
020360299 8
020360301 9
020360302 9
020360312 9
020360329 9
020590022 8
020590026 8
020590047 9
020590077 9
020590103 8
020590121 8
020590122 9
020590123 9
020590144 8
020590151 9
020590164 9
020590181 9
020590228 8
020590265 9
020590274 9
020590276 8
020590290 7
020590322 8
020590359 9
020590376 8
020610010 8
020610014 8
020610061 7
020610090 8
020610122 8
020610134 9
020610166 9
020610168 8
020610174 8
020610175 8
020610194 8
020610201 8
020610206 8
020610207 8
020610291 8
020610302 8
020610316 8
020610328 8
020610341 8
020610343 9
020890003 8
020890037 9
020890112 8
020890134 9
020890156 8
020890165 8
020890206 8
020890207 9
020890215 8
020890219 8
020890259 9
020890260 8
020890267 8
020890274 8
020890306 8
020890313 9
020890326 8
020890340 9
020890346 8
020890371 8
021120025 8
021120059 8
021120074 8
021120075 8
021120085 9
021120108 8
021120135 8
021120151 8
021120161 8
021120164 9
021120171 8
021120187 9
021120232 9
021120233 9
021120250 7
021120256 8
021120296 8
021120309 7
021120321 8
021120354 8
021160002 8
021160027 8
021160075 8
021160080 9
021160089 8
021160090 9
021160120 8
021160134 9
021160185 8
021160188 9
021160195 9
021160198 9
021160203 9
021160207 8
021160212 8
021160232 9
021160249 8
021160303 8
021160310 8
021160326 8
021290009 9
021290011 9
021290068 9
021290121 9
021290134 9
021290144 9
021290148 9
021290160 8
021290169 9
021290173 9
021290200 9
021290209 9
021290235 8
021290261 9
021290282 9
021290291 9
021290319 9
021290324 9
021290326 8
021290371 9
021680007 8
021680016 8
021680048 8
021680052 8
021680122 9
021680154 9
021680169 9
021680190 8
021680237 9
021680246 9
021680249 8
021680251 9
021680266 8
021680288 8
021680297 8
021680318 8
021680332 8
021680369 8
021680379 8
021680380 8
021700029 8
021700034 8
021700062 9
021700077 8
021700120 8
021700131 9
021700139 9
021700153 9
021700176 9
021700211 9
021700224 9
021700232 9
021700236 8
021700240 9
021700277 9
021700287 7
021700291 9
021700300 8
021700362 9
021700379 9
021790008 9
021790025 9
021790030 9
021790035 9
021790039 9
021790040 9
021790043 9
021790055 9
021790075 9
021790081 9
021790083 9
021790084 8
021790108 9
021790112 9
021790125 9
021790149 9
021790152 8
021790168 9
021790169 7
021790173 9
022080028 8
022080038 8
022080085 7
022080100 8
022080116 8
022080124 9
022080146 8
022080179 7
022080181 8
022080186 7
022080187 8
022080189 8
022080192 8
022080202 8
022080204 7
022080210 7
022080294 8
022080299 8
022080340 8
022080341 8
022360092 8
022360126 8
022360147 9
022360159 9
022360185 7
022360186 8
022360221 7
022360222 7
022360227 7
022360231 7
022360253 7
022360259 7
022360262 8
022360265 7
022360293 7
022360310 7
022360311 7
022360321 7
022360326 8
022360350 7
022420015 9
022420045 8
022420067 8
022420073 9
022420086 9
022420106 9
022420129 9
022420138 9
022420146 9
022420164 9
022420168 9
022420172 9
022420273 8
022420288 9
022420292 8
022420306 9
022420342 9
022420346 8
022420348 9
022420362 8
022440038 8
022440039 8
022440062 8
022440073 8
022440126 9
022440134 8
022440139 9
022440144 8
022440165 8
022440180 8
022440189 8
022440215 8
022440277 8
022440286 7
022440312 8
022440337 8
022440340 8
022440352 8
022440361 8
022440362 8
022510066 8
022510069 8
022510089 8
022510093 8
022510095 8
022510122 8
022510152 8
022510166 9
022510190 8
022510211 8
022510230 8
022510237 9
022510255 9
022510266 9
022510276 9
022510291 9
022510300 9
022510320 9
022510323 9
022510368 9
022520012 9
022520036 9
022520067 9
022520159 9
022520174 9
022520200 9
022520203 9
022520209 8
022520221 8
022520225 9
022520226 9
022520258 9
022520272 7
022520290 8
022520337 9
022520345 8
022520358 8
022520360 9
022520366 8
022520375 8
022820020 7
022820021 8
022820026 8
022820042 7
022820062 7
022820072 7
022820079 8
022820106 7
022820107 7
022820121 8
022820134 8
022820142 8
022820155 8
022820191 9
022820197 8
022820281 8
022820291 8
022820293 8
022820317 8
022820357 7
023270032 8
023270080 9
023270098 9
023270118 8
023270120 9
023270140 9
023270148 8
023270161 8
023270171 9
023270214 8
023270237 9
023270268 8
023270280 9
023270286 9
023270303 8
023270315 8
023270319 8
023270321 8
023270331 9
023270364 9
023550002 8
023550003 8
023550008 8
023550013 8
023550099 8
023550123 9
023550138 9
023550167 9
023550175 9
023550201 9
023550202 8
023550230 9
023550233 9
023550237 9
023550257 8
023550260 8
023550290 8
023550310 7
023550319 9
023550341 8
023800015 8
023800042 7
023800056 8
023800093 8
023800114 8
023800124 9
023800160 8
023800186 8
023800242 8
023800260 8
023800277 9
023800278 8
023800280 8
023800298 8
023800326 9
023800330 8
023800338 8
023800352 8
023800363 8
023800368 8
024020047 9
024020051 8
024020053 8
024020069 8
024020084 8
024020142 8
024020158 9
024020175 8
024020176 9
024020205 9
024020233 9
024020238 9
024020253 7
024020256 9
024020260 9
024020265 9
024020291 8
024020321 9
024020328 9
024020337 9
024270011 8
024270019 8
024270028 8
024270051 8
024270053 9
024270057 8
024270077 8
024270127 9
024270155 7
024270168 8
024270176 8
024270178 7
024270183 8
024270197 8
024270206 8
024270245 8
024270270 9
024270292 8
024270313 8
024270336 9
024300001 9
024300052 8
024300061 9
024300063 9
024300065 8
024300068 7
024300080 8
024300082 8
024300093 8
024300099 7
024300118 8
024300131 8
024300132 8
024300135 8
024300189 7
024300221 8
024300270 8
024300330 8
024300345 9
024300360 7
024380040 8
024380041 8
024380116 7
024380142 8
024380154 8
024380194 8
024380197 8
024380200 9
024380204 7
024380234 9
024380247 8
024380265 8
024380276 8
024380278 8
024380315 8
024380317 7
024380325 9
024380354 8
024380363 8
024380369 7
024410049 9
024410052 8
024410092 8
024410098 8
024410110 8
024410149 9
024410158 8
024410160 8
024410173 8
024410222 8
024410228 8
024410240 9
024410241 8
024410294 8
024410312 8
024410318 8
024410322 8
024410350 9
024410368 8
024410377 8
024480016 8
024480028 9
024480094 8
024480095 8
024480105 8
024480127 8
024480159 8
024480186 9
024480188 7
024480212 7
024480228 8
024480232 8
024480241 8
024480244 8
024480251 9
024480255 9
024480270 9
024480292 8
024480297 8
024480335 8
024500006 9
024500021 8
024500033 8
024500095 8
024500126 9
024500139 9
024500141 9
024500147 9
024500151 9
024500156 9
024500164 9
024500228 9
024500250 9
024500268 9
024500284 8
024500317 8
024500327 8
024500333 8
024500350 8
024500363 8
024510017 8
024510043 8
024510061 7
024510070 8
024510114 8
024510164 8
024510179 8
024510195 8
024510206 9
024510215 8
024510224 9
024510247 7
024510252 8
024510275 9
024510316 9
024510323 8
024510336 7
024510351 8
024510352 9
024510375 9
024880041 9
024880059 8
024880070 8
024880098 8
024880118 9
024880155 8
024880176 8
024880190 7
024880194 8
024880195 8
024880207 8
024880210 7
024880234 8
024880245 9
024880258 8
024880267 7
024880269 8
024880299 8
024880303 8
024880339 9
025380004 7
025380051 8
025380065 8
025380091 7
025380107 8
025380133 8
025380149 8
025380151 8
025380152 9
025380158 7
025380162 8
025380175 9
025380202 8
025380217 8
025380251 8
025380256 8
025380277 9
025380298 9
025380340 8
025380347 8
026210005 8
026210047 8
026210096 8
026210123 8
026210132 8
026210135 8
026210136 8
026210141 8
026210157 7
026210177 8
026210185 7
026210203 8
026210213 8
026210220 7
026210231 9
026210242 9
026210262 8
026210287 8
026210299 9
026210302 8
027400077 9
027400094 8
027400125 8
027400126 9
027400145 8
027400146 9
027400151 8
027400171 8
027400173 8
027400176 8
027400201 8
027400238 8
027400246 9
027400276 9
027400283 9
027400286 9
027400289 8
027400295 8
027400321 8
027400372 7
027990028 8
027990046 8
027990056 8
027990059 8
027990066 8
027990153 8
027990156 8
027990160 9
027990162 8
027990167 9
027990201 9
027990232 9
027990242 9
027990247 8
027990264 8
027990309 9
027990328 8
027990330 8
027990341 8
027990358 8
028920012 7
028920027 8
028920044 8
028920050 8
028920120 9
028920122 8
028920128 9
028920131 8
028920174 8
028920200 8
028920207 6
028920213 8
028920214 8
028920224 8
028920235 9
028920239 9
028920242 8
028920259 9
028920315 7
028920321 8
028970002 9
028970016 8
028970022 8
028970039 9
028970052 9
028970057 8
028970088 8
028970129 9
028970146 8
028970153 5
028970158 9
028970190 10
028970198 9
028970221 9
028970245 9
028970251 8
028970273 8
028970279 9
028970294 9
028970329 8
029170012 8
029170043 9
029170055 9
029170086 9
029170104 9
029170149 9
029170156 9
029170161 9
029170177 8
029170181 9
029170196 9
029170197 9
029170211 9
029170226 9
029170231 8
029170252 8
029170309 9
029170321 9
029170359 8
029170362 9
029370015 8
029370032 8
029370040 8
029370106 8
029370108 7
029370123 8
029370126 8
029370142 8
029370153 8
029370185 7
029370193 8
029370210 8
029370217 8
029370221 8
029370230 8
029370235 8
029370239 8
029370270 8
029370303 7
029370379 8
029810020 8
029810027 8
029810135 9
029810139 7
029810147 8
029810158 10
029810200 7
029810204 6
029810216 9
029810221 8
029810234 8
029810235 7
029810243 8
029810283 8
029810294 8
029810301 9
029810315 8
029810349 9
029810350 8
029810360 8
030020008 9
030020012 7
030020022 9
030020047 8
030020048 7
030020065 8
030020077 8
030020092 8
030020100 8
030020112 9
030020117 8
030020126 6
030020136 7
030020138 8
030020144 7
030020152 8
030020159 8
030020161 8
030020162 7
030020172 9
030070015 8
030070017 9
030070019 9
030070022 8
030070025 7
030070043 8
030070049 7
030070054 7
030070058 8
030070066 7
030070093 8
030070094 7
030070099 8
030070108 7
030070111 9
030070112 8
030070135 7
030070138 8
030070152 8
030070159 8
030120001 8
030120003 7
030120018 8
030120021 7
030120029 7
030120044 8
030120072 8
030120079 8
030120089 8
030120097 9
030120106 8
030120121 8
030120141 8
030120150 8
030120154 7
030120155 8
030120157 7
030120163 7
030120165 9
030120173 8
030140009 8
030140010 7
030140017 7
030140025 8
030140043 8
030140053 8
030140075 8
030140086 8
030140089 8
030140092 8
030140095 8
030140099 8
030140126 8
030140128 8
030140129 9
030140132 8
030140134 8
030140144 8
030140147 8
030140173 9
030200005 7
030200011 7
030200016 9
030200018 8
030200019 8
030200021 7
030200037 7
030200041 9
030200049 8
030200057 8
030200076 9
030200078 8
030200087 8
030200101 8
030200105 8
030200108 8
030200137 8
030200151 8
030200153 8
030200164 8
030210005 8
030210032 7
030210041 8
030210042 8
030210044 7
030210045 8
030210047 8
030210050 7
030210060 7
030210074 8
030210079 8
030210082 8
030210118 5
030210123 8
030210137 8
030210143 8
030210152 7
030210164 7
030210165 7
030210175 9
030230003 8
030230018 8
030230056 8
030230060 8
030230086 8
030230092 8
030230119 8
030230170 9
030230182 9
030230194 9
030230209 8
030230253 9
030230260 8
030230276 8
030230280 8
030230311 8
030230330 8
030230336 8
030230340 7
030230374 8
030270013 8
030270014 9
030270026 7
030270033 8
030270049 8
030270053 7
030270054 7
030270073 8
030270075 8
030270083 8
030270093 8
030270116 9
030270121 8
030270140 8
030270141 9
030270147 7
030270151 8
030270161 7
030270168 9
030270175 8
030460032 8
030460038 8
030460048 8
030460051 7
030460052 7
030460071 7
030460085 7
030460097 7
030460106 7
030460110 8
030460114 7
030460126 7
030460133 7
030460142 7
030460146 7
030460147 7
030460157 8
030460158 8
030460160 7
030460163 8
030490010 7
030490013 7
030490029 7
030490040 8
030490055 7
030490062 7
030490063 7
030490071 7
030490076 7
030490078 8
030490095 6
030490126 8
030490127 8
030490130 7
030490138 7
030490140 7
030490142 7
030490166 3
030490168 8
030490170 7
030600004 7
030600011 7
030600020 8
030600023 7
030600039 8
030600041 6
030600042 7
030600052 7
030600054 7
030600055 8
030600070 7
030600085 7
030600099 8
030600104 7
030600140 7
030600147 7
030600154 7
030600156 7
030600160 7
030600168 4
030680003 7
030680005 7
030680009 7
030680016 8
030680027 7
030680034 8
030680037 8
030680045 7
030680054 8
030680056 8
030680072 7
030680075 7
030680090 8
030680092 8
030680097 8
030680105 7
030680114 8
030680119 7
030680140 7
030680162 7
030750012 6
030750030 7
030750034 8
030750042 7
030750057 8
030750058 7
030750061 8
030750074 7
030750076 8
030750078 5
030750088 8
030750093 8
030750098 7
030750108 7
030750119 8
030750128 8
030750146 8
030750155 8
030750165 8
030750170 8
030830001 8
030830004 8
030830013 7
030830021 7
030830030 7
030830033 7
030830043 8
030830069 8
030830074 8
030830093 7
030830094 8
030830102 8
030830116 8
030830118 7
030830124 7
030830129 8
030830135 7
030830147 7
030830154 8
030830169 8
030880003 6
030880015 8
030880018 8
030880019 8
030880025 7
030880041 7
030880049 8
030880057 8
030880058 8
030880067 7
030880086 8
030880092 8
030880096 8
030880099 6
030880105 8
030880123 9
030880131 8
030880146 8
030880172 8
030880173 8
032080019 10
032080038 9
032080043 9
032080056 9
032080058 8
032080071 9
032080078 9
032080079 8
032080083 8
032080088 9
032080092 8
032080093 8
032080099 8
032080103 9
032080110 9
032080119 8
032080132 9
032080145 8
032080150 9
032080161 9
032140001 8
032140007 7
032140013 8
032140017 8
032140025 8
032140054 8
032140060 8
032140069 9
032140073 7
032140078 8
032140082 8
032140087 8
032140094 7
032140110 8
032140117 7
032140121 7
032140135 7
032140150 9
032140164 8
032140169 8
034120002 8
034120012 8
034120027 9
034120035 8
034120047 8
034120050 8
034120052 9
034120067 8
034120077 8
034120085 8
034120101 9
034120111 8
034120125 9
034120155 7
034120161 8
034120162 8
034120165 8
034120170 7
034120173 8
034120174 8
034230011 8
034230034 9
034230035 9
034230043 8
034230051 8
034230058 7
034230063 9
034230072 8
034230079 8
034230081 8
034230083 8
034230085 9
034230108 8
034230112 8
034230115 8
034230123 7
034230141 8
034230154 9
034230164 7
034230168 8
036310007 9
036310021 9
036310035 8
036310036 8
036310041 8
036310047 7
036310062 8
036310063 8
036310080 8
036310097 7
036310098 8
036310100 9
036310110 9
036310116 7
036310120 8
036310134 8
036310148 8
036310159 8
036310170 9
036310171 8
036360016 9
036360027 8
036360029 8
036360032 8
036360033 7
036360034 9
036360044 8
036360055 9
036360061 8
036360062 8
036360071 8
036360106 7
036360111 8
036360114 8
036360142 8
036360151 8
036360154 8
036360160 8
036360167 7
036360174 8
038370004 7
038370013 8
038370019 8
038370045 7
038370052 9
038370056 8
038370060 8
038370061 8
038370068 8
038370070 9
038370081 8
038370097 7
038370105 8
038370107 8
038370128 8
038370142 7
038370153 7
038370160 9
038370167 8
038370170 8
040050015 9
040050041 8
040050060 8
040050071 9
040050094 8
040050107 7
040050110 8
040050125 9
040050142 8
040050180 8
040050183 9
040050203 8
040050205 8
040050255 8
040050264 8
040050271 9
040050281 8
040050295 8
040050306 8
040050358 7
050150021 7
050150024 7
050150028 7
050150041 8
050150069 8
050150070 8
050150091 8
050150093 7
050150108 8
050150116 6
050150125 8
050150129 8
050150142 8
050150145 8
050150159 9
050150163 9
050150165 8
050150170 7
050150173 8
050150175 9
050170001 8
050170002 8
050170005 8
050170051 9
050170092 9
050170099 3
050170100 8
050170101 8
050170102 8
050170113 7
050170117 8
050170123 9
050170129 9
050170131 8
050170132 6
050170136 8
050170145 8
050170151 8
050170154 7
050170165 8
050290009 7
050290028 7
050290038 7
050290042 8
050290060 7
050290062 9
050290068 7
050290079 8
050290087 7
050290120 7
050290126 8
050290129 6
050290132 8
050290136 8
050290145 8
050290149 8
050290156 8
050290162 7
050290167 8
050290174 9
050390001 8
050390011 7
050390020 7
050390021 9
050390038 7
050390040 8
050390048 8
050390049 8
050390057 9
050390059 7
050390081 7
050390084 8
050390087 8
050390090 7
050390092 7
050390097 8
050390114 8
050390129 8
050390130 8
050390175 8
050720001 8
050720003 8
050720006 7
050720017 8
050720025 8
050720040 8
050720045 7
050720063 7
050720072 9
050720076 8
050720078 8
050720079 8
050720102 8
050720124 8
050720126 8
050720136 8
050720138 8
050720150 7
050720158 8
050720175 7
051950005 9
051950011 9
051950018 9
051950025 8
051950032 8
051950033 8
051950038 8
051950044 9
051950050 9
051950051 9
051950067 9
051950075 9
051950086 9
051950088 10
051950096 9
051950138 9
051950154 9
051950163 9
051950164 9
051950170 7
052180017 8
052180027 9
052180028 8
052180037 8
052180041 6
052180042 8
052180046 8
052180068 8
052180084 8
052180090 9
052180093 8
052180098 8
052180104 8
052180112 8
052180117 8
052180124 7
052180137 8
052180143 8
052180146 8
052180160 9
052200004 7
052200008 7
052200020 8
052200044 6
052200050 7
052200064 8
052200066 8
052200076 8
052200089 8
052200092 8
052200094 7
052200095 8
052200101 8
052200110 8
052200142 7
052200150 7
052200152 8
052200155 8
052200162 7
052200168 8
054010004 7
054010009 8
054010014 8
054010032 7
054010046 8
054010051 7
054010055 8
054010061 8
054010072 7
054010079 7
054010091 8
054010095 8
054010105 8
054010107 8
054010123 8
054010130 7
054010136 8
054010148 8
054010155 8
054010165 8
054060017 8
054060036 8
054060044 8
054060049 7
054060064 7
054060076 8
054060077 9
054060091 9
054060099 8
054060104 8
054060113 9
054060116 8
054060119 9
054060126 8
054060139 8
054060147 8
054060149 8
054060153 9
054060172 9
054060173 8
054080004 9
054080008 9
054080011 8
054080019 8
054080021 7
054080033 8
054080035 8
054080042 8
054080065 8
054080081 8
054080109 8
054080123 8
054080138 8
054080150 8
054080151 8
054080154 8
054080163 8
054080165 9
054080167 7
054080174 8
054140003 8
054140010 7
054140015 8
054140019 8
054140021 8
054140039 8
054140051 8
054140057 9
054140077 7
054140098 8
054140104 8
054140106 9
054140113 8
054140115 8
054140118 8
054140119 8
054140122 8
054140127 7
054140154 8
054140158 8
054180014 9
054180015 8
054180021 9
054180022 8
054180029 8
054180033 8
054180059 9
054180063 8
054180075 8
054180076 9
054180077 8
054180079 9
054180087 8
054180091 9
054180096 9
054180111 8
054180123 8
054180126 8
054180130 8
054180174 9
054240002 8
054240025 6
054240038 9
054240039 7
054240048 8
054240053 9
054240079 9
054240091 8
054240093 8
054240094 9
054240097 9
054240099 7
054240109 9
054240115 8
054240116 8
054240117 8
054240125 8
054240126 8
054240138 8
054240152 8
054280012 9
054280018 9
054280021 9
054280023 8
054280024 8
054280030 7
054280040 7
054280042 8
054280049 7
054280053 8
054280057 6
054280062 8
054280078 8
054280109 7
054280118 9
054280125 8
054280128 9
054280146 9
054280148 9
054280175 9
054320015 8
054320019 8
054320020 8
054320024 6
054320037 7
054320041 5
054320058 6
054320061 7
054320067 4
054320073 7
054320076 8
054320080 9
054320092 5
054320099 8
054320100 8
054320118 5
054320129 6
054320136 7
054320140 8
054320149 7
055470005 7
055470009 8
055470040 6
055470046 7
055470047 8
055470080 8
055470082 7
055470088 7
055470104 5
055470105 7
055470120 6
055470122 6
055470126 8
055470129 7
055470131 8
055470141 6
055470152 7
055470170 7
055470172 6
055470175 7
055510024 8
055510029 8
055510046 8
055510061 8
055510067 9
055510070 8
055510078 8
055510079 7
055510084 7
055510088 8
055510093 7
055510096 8
055510100 7
055510110 8
055510122 7
055510130 7
055510143 7
055510156 7
055510164 7
055510165 8
060100004 7
060100009 7
060100031 8
060100034 7
060100037 8
060100041 7
060100047 8
060100066 8
060100081 8
060100092 9
060100100 6
060100101 7
060100105 7
060100124 9
060100128 7
060100132 7
060100147 8
060100154 8
060100159 8
060100164 9
060480005 7
060480008 8
060480012 8
060480018 8
060480037 9
060480050 7
060480082 8
060480084 8
060480090 8
060480094 8
060480102 8
060480104 7
060480131 7
060480134 8
060480135 8
060480145 8
060480147 8
060480148 8
060480168 7
060480169 7
060670002 8
060670003 7
060670017 8
060670029 8
060670035 8
060670036 8
060670038 8
060670041 8
060670044 7
060670049 8
060670060 8
060670062 8
060670072 8
060670075 8
060670080 8
060670094 8
060670111 7
060670140 8
060670144 8
060670149 9
060990011 9
060990014 7
060990023 8
060990029 7
060990030 8
060990034 7
060990035 7
060990039 7
060990059 6
060990078 7
060990083 8
060990089 8
060990093 7
060990117 8
060990121 8
060990124 8
060990129 7
060990155 7
060990168 8
060990175 7
061210013 9
061210031 9
061210059 9
061210060 9
061210063 9
061210068 9
061210069 9
061210071 9
061210075 9
061210086 9
061210095 9
061210109 9
061210128 9
061210129 9
061210140 9
061210141 10
061210142 10
061210147 9
061210148 8
061210174 9
064010049 8
064010056 6
064010057 6
064010066 7
064010067 7
064010086 7
064010092 8
064010093 7
064010103 7
064010107 8
064010109 8
064010120 7
064010123 7
064010135 6
064010141 7
064010150 5
064010161 7
064010164 8
064010172 7
064010173 6
065040005 8
065040007 8
065040009 8
065040011 8
065040028 8
065040042 8
065040044 8
065040045 8
065040049 8
065040077 9
065040112 8
065040118 8
065040124 8
065040125 8
065040126 8
065040127 9
065040133 8
065040134 8
065040137 9
065040160 8
069020006 6
069020020 5
069020024 3
069020037 7
069020044 6
069020048 7
069020059 0
069020065 1
069020075 0
069020090 3
069020091 5
069020096 6
069020103 5
069020114 7
069020123 8
069020143 7
069020155 5
069020163 4
069020168 4
069020175 8
069120003 8
069120014 4
069120020 9
069120025 8
069120052 8
069120059 7
069120061 8
069120072 6
069120083 8
069120087 8
069120092 8
069120093 7
069120094 7
069120106 8
069120121 8
069120123 9
069120140 7
069120151 7
069120165 8
069120170 8
075510004 8
075510010 7
075510017 8
075510036 9
075510038 7
075510041 8
075510057 9
075510076 9
075510086 9
075510090 7
075510091 7
075510099 7
075510129 7
075510131 8
075510137 8
075510142 8
075510144 8
075510163 8
075510165 8
075510167 8
080570004 8
080570009 7
080570013 8
080570014 8
080570031 7
080570053 8
080570067 7
080570071 8
080570072 7
080570080 7
080570081 7
080570087 8
080570089 8
080570102 7
080570127 8
080570138 7
080570143 7
080570144 7
080570146 8
080570157 7
080630011 8
080630014 8
080630019 8
080630030 8
080630038 9
080630044 9
080630053 9
080630062 9
080630086 8
080630090 8
080630091 8
080630093 9
080630094 8
080630123 8
080630125 8
080630140 8
080630147 8
080630152 8
080630155 8
080630170 8
080680011 8
080680020 9
080680029 7
080680031 8
080680056 9
080680060 9
080680066 8
080680069 8
080680084 7
080680090 8
080680095 9
080680106 8
080680108 8
080680129 7
080680133 8
080680151 8
080680153 8
080680170 8
080680173 8
080680174 8
081530002 8
081530014 8
081530016 8
081530018 8
081530023 8
081530038 7
081530065 9
081530073 8
081530085 8
081530088 8
081530096 7
081530100 8
081530107 9
081530109 8
081530125 7
081530139 9
081530146 8
081530165 9
081530167 8
081530170 7
085810002 9
085810012 7
085810018 9
085810038 7
085810040 7
085810043 8
085810048 7
085810056 8
085810078 7
085810084 8
085810086 9
085810112 8
085810116 7
085810119 8
085810120 8
085810121 8
085810152 9
085810159 9
085810163 8
085810167 6
085840013 8
085840020 8
085840022 8
085840036 8
085840040 9
085840059 8
085840072 8
085840075 8
085840077 6
085840086 9
085840089 6
085840092 9
085840099 6
085840115 9
085840117 9
085840123 8
085840141 8
085840147 6
085840157 7
085840167 6
085850006 7
085850024 9
085850039 8
085850042 6
085850044 6
085850046 9
085850056 8
085850075 8
085850088 8
085850092 6
085850094 8
085850101 9
085850108 7
085850112 7
085850119 7
085850120 9
085850138 8
085850146 8
085850161 7
085850170 7
090340002 8
090340007 9
090340021 9
090340032 9
090340039 8
090340041 7
090340043 8
090340054 7
090340071 8
090340085 8
090340088 9
090340090 7
090340108 8
090340114 8
090340126 8
090340131 8
090340155 8
090340158 9
090340164 8
090340168 7
090700006 8
090700008 8
090700019 9
090700042 9
090700045 9
090700047 8
090700054 8
090700055 8
090700057 8
090700059 7
090700065 7
090700081 9
090700082 9
090700108 9
090700111 9
090700117 8
090700127 9
090700148 8
090700164 8
090700172 8
090880018 9
090880060 8
090880064 8
090880065 8
090880086 9
090880090 8
090880093 8
090880095 8
090880100 8
090880120 7
090880126 8
090880130 6
090880132 9
090880140 8
090880142 8
090880145 8
090880147 9
090880154 9
090880157 8
090880163 9
091010017 8
091010032 8
091010049 8
091010050 8
091010055 8
091010063 7
091010070 8
091010072 7
091010082 8
091010100 8
091010107 8
091010109 8
091010123 9
091010127 8
091010133 9
091010138 8
091010139 7
091010142 9
091010149 7
091010151 9
091070001 7
091070033 8
091070038 9
091070040 8
091070049 9
091070056 9
091070061 8
091070065 9
091070074 8
091070089 7
091070108 8
091070135 9
091070138 9
091070140 8
091070142 8
091070143 8
091070162 8
091070163 9
091070174 8
091070175 9
091180015 7
091180025 9
091180035 9
091180042 8
091180044 8
091180050 8
091180056 8
091180064 8
091180075 7
091180078 8
091180088 8
091180091 7
091180101 8
091180110 8
091180133 8
091180151 9
091180157 9
091180159 9
091180161 8
091180163 8
095530005 8
095530010 8
095530011 9
095530016 8
095530028 9
095530041 9
095530049 8
095530059 9
095530066 8
095530082 8
095530083 8
095530085 8
095530116 9
095530118 9
095530129 9
095530144 9
095530152 9
095530154 8
095530161 8
095530173 8
095550027 8
095550043 8
095550044 8
095550046 8
095550051 8
095550053 7
095550073 7
095550075 7
095550081 7
095550082 8
095550092 8
095550100 7
095550107 8
095550116 8
095550126 9
095550134 9
095550143 8
095550146 9
095550148 9
095550173 7
095560005 7
095560008 7
095560010 7
095560017 7
095560031 8
095560037 7
095560051 9
095560054 6
095560069 8
095560080 8
095560083 8
095560108 7
095560115 9
095560129 6
095560133 7
095560150 7
095560153 8
095560163 8
095560164 7
095560170 8
095580008 8
095580012 8
095580016 7
095580039 8
095580045 8
095580056 8
095580067 8
095580071 7
095580078 6
095580088 7
095580097 7
095580099 6
095580101 9
095580102 7
095580116 7
095580128 7
095580133 8
095580157 9
095580166 8
095580173 8
096010001 3
096010002 4
096010004 5
096010005 3
096010006 5
096010007 5
096010008 3
096010009 4
096010010 5
096010011 4
096010012 3
096010013 4
096010015 3
096010016 4
096010018 4
096010019 3
096010020 4
096010021 4
096010022 3
096010023 4
096040001 4
096040002 3
096040004 7
096040005 4
096040006 3
096040007 4
096040008 5
096040009 5
096040010 4
096040011 4
096040012 3
096040014 3
096040015 4
096040016 3
096040018 3
096040019 4
096040021 3
096040023 4
096040024 4
096040025 3
096080003 3
096080005 4
096080006 3
096080007 3
096080008 4
096080009 6
096080010 4
096080012 5
096080013 5
096080014 4
096080015 4
096080017 3
096080018 3
096080021 5
096080022 3
096080023 3
096080024 4
096080025 3
096080026 4
096080027 4
096090001 3
096090003 3
096090005 4
096090006 3
096090007 3
096090008 4
096090010 3
096090011 3
096090014 4
096090015 3
096090017 3
096090018 4
096090019 3
096090020 3
096090021 4
096090023 2
096090024 3
096090025 4
096090026 3
096090027 3
096100001 6
096100002 6
096100003 5
096100004 6
096100005 6
096100006 6
096100007 5
096100008 6
096100009 6
096100010 5
096100011 6
096100012 5
096100013 5
096100014 6
096100015 4
096100016 5
096100017 4
096100018 5
096100019 5
096100020 4
096130001 4
096130002 5
096130003 5
096130004 6
096130005 4
096130006 3
096130007 4
096130008 5
096130009 3
096130010 5
096130011 5
096130012 3
096130013 4
096130014 4
096130016 2
096130017 5
096130018 4
096130019 3
096130020 5
096130021 6
096140002 3
096140003 5
096140004 6
096140005 6
096140006 5
096140007 6
096140008 3
096140009 6
096140010 5
096140011 3
096140012 4
096140014 6
096140015 6
096140016 4
096140017 5
096140018 3
096140019 6
096140020 5
096140021 5
096140022 6
096150003 5
096150005 5
096150006 5
096150007 5
096150009 5
096150010 6
096150011 6
096150012 3
096150013 6
096150016 5
096150017 5
096150018 6
096150019 5
096150020 5
096150021 5
096150024 5
096150025 5
096150026 4
096150027 5
096150028 4
096160001 4
096160002 7
096160003 6
096160004 5
096160005 5
096160006 3
096160007 6
096160008 5
096160009 6
096160010 4
096160011 5
096160012 6
096160013 6
096160014 5
096160015 5
096160016 3
096160017 5
096160018 5
096160019 4
096160020 5
096170001 3
096170002 6
096170003 5
096170004 7
096170006 6
096170007 6
096170008 6
096170009 4
096170010 5
096170011 6
096170012 7
096170013 5
096170014 5
096170015 4
096170018 5
096170020 6
096170021 7
096170022 5
096170023 5
096170024 4
096180001 5
096180002 6
096180004 5
096180005 6
096180007 6
096180008 7
096180009 6
096180010 7
096180011 7
096180012 5
096180013 6
096180014 4
096180015 7
096180016 3
096180017 4
096180018 6
096180019 3
096180020 6
096180021 6
096180022 5
096230001 4
096230002 6
096230004 7
096230005 5
096230006 4
096230007 4
096230008 6
096230009 5
096230010 3
096230011 4
096230012 4
096230013 3
096230014 3
096230015 5
096230016 3
096230017 4
096230018 5
096230019 5
096230020 4
096230021 6
096240001 6
096240002 5
096240003 5
096240004 3
096240005 6
096240006 4
096240007 3
096240008 7
096240009 4
096240010 3
096240011 4
096240012 4
096240013 6
096240014 4
096240015 5
096240016 3
096240017 4
096240019 4
096240020 3
096240021 4
096280011 4
096280012 3
096280013 4
096280014 5
096280015 3
096280016 4
096280017 5
096280018 3
096280019 4
096280020 5
096280021 3
096280022 4
096280023 5
096280024 5
096280025 4
096280026 7
096280027 3
096280028 4
096280029 5
096280030 3
096310001 4
096310002 5
096310003 3
096310004 4
096310005 5
096310006 6
096310007 5
096310008 6
096310009 3
096310010 4
096310011 5
096310012 7
096310013 4
096310014 7
096310015 3
096310016 6
096310017 5
096310018 3
096310019 7
096310020 7
096350006 5
096350007 4
096350008 5
096350009 3
096350010 4
096350011 5
096350012 3
096350013 4
096350014 5
096350015 5
096350016 6
096350018 5
096350019 6
096350020 6
096350021 5
096350023 3
096350024 6
096350025 6
096350026 5
096350027 6
096390001 5
096390002 6
096390003 4
096390004 6
096390005 5
096390006 4
096390007 8
096390008 7
096390009 7
096390010 7
096390011 6
096390012 5
096390013 5
096390014 8
096390015 7
096390016 5
096390017 7
096390018 4
096390019 6
096390020 3
096430002 4
096430003 5
096430004 3
096430005 3
096430006 4
096430007 3
096430008 3
096430009 4
096430010 2
096430011 3
096430012 2
096430013 2
096430014 3
096430015 4
096430016 2
096430017 3
096430018 4
096430019 2
096430020 3
096430021 4
096460002 3
096460003 3
096460004 4
096460005 3
096460006 3
096460007 5
096460008 3
096460009 4
096460010 5
096460011 3
096460012 4
096460013 5
096460014 6
096460015 4
096460016 6
096460017 3
096460018 4
096460019 5
096460020 3
096460021 4
096470002 4
096470003 4
096470004 3
096470005 4
096470007 4
096470008 4
096470010 5
096470011 3
096470012 3
096470013 5
096470014 3
096470015 4
096470016 5
096470017 3
096470018 7
096470019 4
096470020 5
096470021 3
096470022 4
096470023 3
096490001 5
096490002 4
096490003 3
096490004 4
096490005 4
096490006 3
096490007 3
096490008 4
096490009 3
096490010 6
096490011 3
096490012 3
096490013 6
096490014 6
096490015 5
096490016 3
096490017 5
096490018 3
096490019 5
096490020 4
070010001 6
070010002 5
070010003 5
070010004 3
070010005 4
070010006 4
070010007 5
070010008 4
070010009 5
070010010 3
070010011 6
070010012 5
070010013 6
070010014 5
070010015 4
070010016 5
070010017 4
070010018 5
070010019 5
070010020 4
080020001 5
080020002 3
080020003 3
080020004 6
080020005 3
080020006 4
080020007 5
080020008 3
080020009 4
080020010 5
080020011 6
080020012 4
080020013 5
080020014 3
080020015 6
080020016 5
080020017 6
080020018 4
080020019 5
080020020 5
096000002 4
096000003 5
096000004 3
096000005 4
096000006 4
096000007 3
096000008 4
096000009 5
096000010 3
096000011 5
096000012 5
096000013 3
096000014 4
096000015 5
096000016 5
096000017 4
096000018 5
096000020 5
096000021 4
096000022 6
096060001 3
096060002 4
096060003 5
096060004 3
096060005 4
096060006 4
096060007 3
096060008 3
096060009 4
096060010 5
096060011 5
096060012 5
096060013 3
096060014 3
096060015 5
096060016 3
096060017 4
096060019 5
096060020 3
096060022 5
096070002 6
096070003 6
096070005 6
096070006 5
096070007 7
096070008 4
096070011 6
096070012 3
096070013 6
096070014 5
096070015 6
096070016 4
096070017 5
096070018 3
096070019 6
096070020 7
096070021 3
096070022 6
096070023 6
096070024 6
096110001 4
096110002 4
096110003 3
096110004 5
096110005 5
096110006 3
096110008 7
096110009 6
096110011 5
096110012 4
096110013 5
096110014 6
096110015 6
096110016 5
096110017 3
096110018 4
096110019 5
096110021 3
096110022 4
096110023 5
096120001 3
096120002 7
096120003 5
096120004 7
096120005 4
096120006 5
096120007 5
096120008 4
096120009 6
096120010 3
096120011 6
096120012 5
096120013 6
096120014 7
096120015 6
096120016 4
096120017 4
096120018 6
096120019 6
096120020 4
096190001 5
096190002 7
096190003 5
096190004 5
096190005 3
096190006 6
096190007 5
096190008 5
096190009 4
096190010 4
096190011 3
096190012 4
096190013 5
096190014 3
096190015 4
096190016 5
096190017 3
096190019 6
096190020 5
096190021 6
096220001 5
096220002 5
096220003 5
096220004 4
096220005 5
096220006 3
096220007 4
096220008 5
096220009 5
096220010 5
096220011 5
096220012 3
096220013 4
096220014 6
096220015 3
096220016 4
096220017 5
096220018 3
096220019 4
096220020 4
096250001 5
096250002 4
096250003 4
096250004 3
096250005 5
096250007 5
096250008 3
096250009 4
096250010 5
096250011 3
096250012 4
096250013 5
096250014 3
096250015 4
096250016 5
096250017 3
096250018 4
096250020 5
096250021 3
096250023 4
096260002 5
096260003 3
096260004 4
096260005 5
096260006 3
096260007 4
096260008 4
096260009 3
096260011 4
096260012 4
096260013 3
096260014 5
096260015 5
096260016 3
096260017 4
096260018 4
096260019 3
096260020 4
096260021 4
096260022 3
096290001 6
096290002 6
096290004 3
096290005 5
096290006 5
096290007 3
096290008 5
096290009 5
096290010 5
096290011 5
096290012 5
096290014 5
096290015 6
096290016 5
096290017 6
096290018 5
096290020 5
096290021 5
096290022 5
096290023 5
096300001 5
096300002 6
096300003 5
096300004 3
096300005 6
096300006 5
096300007 3
096300008 4
096300009 6
096300010 7
096300011 4
096300012 6
096300013 3
096300014 4
096300015 6
096300016 3
096300017 5
096300018 5
096300019 3
096300020 4
096330003 5
096330005 3
096330006 6
096330007 7
096330008 6
096330009 7
096330010 6
096330011 5
096330012 6
096330013 5
096330014 5
096330015 4
096330016 5
096330017 5
096330018 6
096330019 6
096330020 3
096330021 4
096330022 5
096330023 3
096340004 5
096340005 5
096340006 3
096340007 4
096340008 4
096340009 3
096340010 3
096340011 4
096340012 3
096340013 3
096340014 4
096340015 2
096340016 4
096340017 4
096340018 3
096340019 4
096340020 4
096340021 3
096340022 3
096340023 4
096400001 3
096400002 4
096400004 5
096400006 3
096400007 4
096400008 4
096400010 3
096400012 6
096400013 4
096400014 3
096400016 4
096400018 7
096400019 3
096400020 4
096400021 5
096400022 6
096400024 4
096400025 7
096400026 6
096400028 4
096450001 5
096450002 3
096450003 4
096450004 4
096450005 5
096450006 4
096450007 4
096450008 7
096450010 4
096450011 4
096450012 6
096450013 6
096450014 5
096450015 6
096450016 4
096450017 4
096450018 3
096450019 4
096450020 4
096450021 3