000010011 41280
000010035 54880
000010053 53600
000010063 53104
000010069 48160
000010075 41440
000010089 49280
000010095 47520
000010106 34080
000010113 48032
000010115 48000
000010121 52960
000010122 54720
000010133 46080
000010135 51552
000010140 53200
000010145 55840
000010149 52480
000010168 26720
000010173 32944
000050003 69488
000050010 48752
000050024 61424
000050028 43568
000050038 46032
000050040 44192
000050047 36064
000050049 34064
000050055 35808
000050078 61920
000050079 74256
000050083 38960
000050095 46416
000050099 45600
000050100 46720
000050114 62544
000050118 56944
000050122 74464
000050174 31072
000050175 25440
000060015 52960
000060020 52160
000060029 54400
000060031 52160
000060049 49920
000060056 45344
000060077 48800
000060081 48496
000060082 48000
000060083 45120
000060094 50880
000060102 48592
000060106 51680
000060111 52320
000060113 39040
000060116 49280
000060124 57264
000060130 48000
000060136 41440
000060153 49920
000260001 38112
000260011 50896
000260015 51520
000260032 46880
000260033 46240
000260039 47280
000260048 40832
000260050 41120
000260052 55680
000260069 53600
000260075 38560
000260091 52800
000260095 51200
000260096 54240
000260112 62080
000260115 66880
000260121 61120
000260126 38080
000260133 42400
000260166 40960
000360013 52800
000360034 67520
000360036 47312
000360132 52480
000360133 72304
000360161 49424
000360190 60480
000360210 52288
000360223 64336
000360241 51840
000360264 72896
000360283 41440
000360313 56480
000360314 42240
000360332 66560
000360334 48912
000360339 60800
000360343 64000
000360360 61920
000360378 36160
000480010 34848
000480014 36896
000480015 42656
000480016 38656
000480019 36960
000480023 35520
000480033 38880
000480045 38128
000480068 32480
000480081 42240
000480089 38368
000480090 30560
000480108 39200
000480119 41632
000480125 49424
000480134 37552
000480136 41424
000480151 38400
000480158 38880
000480159 38992
000530003 58560
000530006 61440
000530019 58400
000530027 45600
000530030 57056
000530037 49920
000530054 42880
000530055 51040
000530060 59360
000530063 53280
000530076 72576
000530077 61280
000530094 62240
000530109 52960
000530112 66608
000530115 65280
000530145 81120
000530154 55200
000530163 56960
000530174 51840
000540001 45104
000540004 51616
000540014 49568
000540018 63024
000540031 62080
000540054 50400
000540055 46848
000540058 60800
000540062 58720
000540072 55040
000540077 57600
000540088 44528
000540106 50960
000540111 46592
000540117 49920
000540123 51040
000540127 41200
000540130 42976
000540156 41312
000540163 40320
000560016 70384
000560017 72016
000560026 42560
000560030 58896
000560033 51696
000560038 46080
000560058 81648
000560068 67408
000560074 66720
000560075 62080
000560084 60320
000560086 70400
000560088 37760
000560116 99744
000560117 171472
000560134 75648
000560154 87360
000560159 37600
000560162 79840
000560172 81824
000700008 65920
000700010 51040
000700012 48160
000700015 63200
000700019 56160
000700034 55040
000700037 54096
000700046 57632
000700048 57552
000700053 54720
000700063 62080
000700065 117920
000700082 64480
000700109 59520
000700120 72320
000700123 78720
000700130 73840
000700151 53584
000700156 47520
000700174 44896
000750005 40000
000750015 50240
000750020 60656
000750024 47888
000750026 52304
000750029 48944
000750045 41776
000750068 50512
000750080 42080
000750082 44480
000750085 43728
000750091 53616
000750101 38480
000750106 50080
000750108 39344
000750123 46832
000750128 47280
000750134 45392
000750140 46432
000750149 70608
001030008 52560
001030013 45888
001030032 59328
001030048 43440
001030053 43680
001030054 40720
001030060 60896
001030061 45456
001030065 49744
001030077 61760
001030078 67728
001030090 41600
001030099 52672
001030102 48832
001030103 51200
001030121 51296
001030136 47680
001030143 49600
001030144 55040
001030155 38720
001040022 52480
001040026 51952
001040038 67504
001040050 70080
001040062 51360
001040067 80000
001040069 60160
001040071 50352
001040073 65440
001040100 62080
001040104 44640
001040106 61888
001040108 59200
001040115 66096
001040120 62288
001040122 67872
001040134 51616
001040136 63360
001040149 114544
001040173 56192
001310020 61584
001310022 63232
001310023 56128
001310061 64896
001310062 51184
001310076 82704
001310078 75616
001310081 48800
001310096 57040
001310122 79696
001310123 74480
001310129 55712
001310144 36032
001310148 32768
001310152 54336
001310154 54864
001310155 33456
001310162 38464
001310165 50144
001310168 41120
001350002 47568
001350091 76480
001350119 54240
001350124 71712
001350134 36960
001350163 46400
001350174 53120
001350180 72816
001350194 64144
001350216 44768
001350219 54080
001350243 43088
001350285 49760
001350312 49440
001350317 60944
001350318 63680
001350343 52416
001350350 50768
001350356 52000
001350375 50720
001450037 75360
001450043 59680
001450049 67680
001450051 127968
001450063 56640
001450070 76016
001450083 76960
001450090 85280
001450094 103680
001450098 93600
001450109 98560
001450116 162880
001450140 58880
001450142 34208
001450146 45600
001450159 81760
001450170 71360
001450171 83840
001450172 65440
001450173 33120
004820005 55744
004820015 69920
004820041 78848
004820045 35040
004820055 53120
004820114 75344
004820119 56112
004820144 57376
004820201 65696
004820214 50528
004820220 40832
004820239 50400
004820258 53360
004820265 62400
004820268 57600
004820329 53920
004820353 71520
004820370 59520
004820371 57760
004820378 70080
005600015 66032
005600060 58880
005600065 65344
005600129 91040
005600145 40000
005600146 47328
005600153 45200
005600154 96768
005600180 47792
005600199 51328
005600205 87360
005600212 75248
005600214 58752
005600268 61088
005600294 41008
005600296 61600
005600298 55248
005600318 74016
005600365 53824
005600370 75952
005750059 72800
005750067 62560
005750089 74880
005750099 72960
005750150 56480
005750168 46672
005750178 44160
005750179 50240
005750237 51840
005750249 54720
005750268 51360
005750270 63840
005750290 40160
005750297 58880
005750298 46240
005750300 53920
005750303 48640
005750321 44368
005750330 69760
005750347 64000
005940019 73456
005940025 57504
005940141 52320
005940142 45120
005940164 72320
005940174 89616
005940193 57632
005940195 37792
005940234 46160
005940237 62144
005940238 63056
005940252 64640
005940263 79840
005940267 66592
005940271 57280
005940283 50880
005940304 41440
005940318 57968
005940373 76640
005940380 96208
007390013 74464
007390019 80576
007390062 87344
007390070 119472
007390072 62416
007390092 74784
007390119 74896
007390120 61824
007390139 77744
007390160 75328
007390195 93744
007390197 57504
007390208 103968
007390211 58736
007390220 77200
007390228 64848
007390238 69792
007390281 52912
007390294 46768
007390355 96448
008130061 52720
008130081 68720
008130091 77152
008130100 55024
008130153 38768
008130196 37632
008130222 53056
008130233 41120
008130257 41904
008130271 50448
008130281 46048
008130282 71728
008130283 60880
008130288 59024
008130301 48720
008130339 48512
008130340 58176
008130346 51568
008130356 42208
008130380 58416
009600062 54752
009600113 107024
009600118 74560
009600120 47904
009600127 68176
009600129 66912
009600133 95056
009600140 55040
009600186 51136
009600190 78304
009600205 73136
009600215 41296
009600262 48320
009600267 65376
009600270 61840
009600287 51072
009600335 88208
009600337 87152
009600338 67328
009600343 44496
010120008 51520
010120059 102720
010120071 64480
010120128 39840
010120148 61120
010120166 56640
010120180 35520
010120193 42400
010120200 39040
010120208 60160
010120212 50720
010120219 55040
010120243 69440
010120255 55040
010120265 51680
010120269 47600
010120303 63840
010120334 57168
010120335 71200
010120374 45440
010270117 44544
010270124 65440
010270131 39520
010270140 59456
010270170 40096
010270198 54960
010270226 48320
010270238 51040
010270265 49392
010270268 56800
010270294 42400
010270301 42112
010270306 76720
010270314 45296
010270349 60480
010270354 38560
010270356 71328
010270366 72480
010270368 65280
010270377 64320
010290003 46384
010290066 58080
010290094 35200
010290096 55040
010290123 56160
010290152 61344
010290179 42880
010290189 47248
010290229 45632
010290236 58240
010290252 52000
010290260 37920
010290276 47840
010290287 48000
010290294 44640
010290320 59488
010290330 53920
010290341 62240
010290361 50240
010290362 45280
010330026 58240
010330033 42880
010330035 51360
010330052 59520
010330053 66240
010330085 53440
010330103 51200
010330129 56464
010330139 72464
010330147 36000
010330197 57920
010330206 77520
010330235 42704
010330241 41120
010330257 52960
010330268 53600
010330277 66560
010330325 59184
010330345 38784
010330346 63680
010420022 55776
010420023 49600
010420025 43040
010420034 53808
010420040 54016
010420047 40688
010420059 52160
010420060 47680
010420064 39040
010420102 52144
010420105 62896
010420107 59200
010420129 54560
010420133 48640
010420134 52048
010420143 81760
010420151 35520
010420157 43104
010420167 56160
010420175 41280
010440006 57920
010440008 60064
010440012 54240
010440017 45584
010440038 56320
010440039 57760
010440053 85920
010440064 43040
010440077 54560
010440093 41760
010440099 32800
010440106 59040
010440107 74720
010440117 50720
010440119 54384
010440120 45920
010440127 50880
010440149 41920
010440150 39520
010440154 30080
010640005 68192
010640017 80976
010640028 89248
010640034 72480
010640036 76912
010640056 70560
010640082 58288
010640098 46336
010640166 79440
010640210 69808
010640212 58384
010640242 44368
010640250 58096
010640277 45472
010640280 75088
010640284 44656
010640286 42224
010640297 69984
010640314 53968
010640366 100000
010920012 60320
010920024 82400
010920025 87680
010920030 41600
010920032 41920
010920033 40800
010920043 43680
010920044 41760
010920065 69264
010920070 59200
010920075 50880
010920101 42080
010920105 71616
010920125 87680
010920126 59840
010920138 61280
010920141 76336
010920153 44160
010920159 63520
010920165 59840
011970004 76016
011970006 120272
011970019 69920
011970023 118400
011970036 50080
011970042 60160
011970075 73280
011970081 74880
011970087 89760
011970088 63360
011970092 73440
011970095 74880
011970107 131360
011970132 77440
011970141 91328
011970142 95616
011970145 117280
011970165 62928
011970173 44400
011970175 108160
012030007 48320
012030010 57344
012030013 46400
012030024 39200
012030027 55520
012030031 36000
012030032 42240
012030036 34240
012030043 46400
012030044 44320
012030053 50880
012030055 66720
012030058 47360
012030072 42080
012030078 32000
012030083 54960
012030093 40960
012030097 45760
012030116 62080
012030138 38768
012600017 96784
012600072 66560
012600082 84768
012600129 75200
012600131 69936
012600177 60480
012600186 66080
012600210 95648
012600219 58480
012600224 66416
012600251 42944
012600252 73136
012600263 58352
012600281 74560
012600295 48192
012600330 65984
012600338 47632
012600345 100000
012600357 95840
012600368 83088
013090018 46144
013090027 53616
013090041 51200
013090051 70880
013090076 47680
013090105 40720
013090128 70192
013090147 46496
013090148 37632
013090160 45920
013090179 53600
013090181 37760
013090184 37280
013090185 43520
013090202 44624
013090232 43520
013090267 54560
013090287 37136
013090339 39040
013090364 60320
013360001 81952
013360002 48000
013360016 67440
013360082 71792
013360123 46080
013360130 58944
013360140 45120
013360145 52960
013360146 41024
013360161 56800
013360162 51920
013360171 57088
013360226 50912
013360234 63200
013360235 41504
013360257 38720
013360263 44800
013360268 48800
013360360 49760
013360363 49600
013620027 64800
013620030 95360
013620106 89120
013620108 79040
013620128 48640
013620137 70096
013620140 76000
013620143 64480
013620146 53920
013620162 50880
013620175 73280
013620184 54560
013620185 80320
013620210 69600
013620241 46720
013620257 59520
013620258 41920
013620292 57600
013620361 49760
013620366 48320
013720023 44480
013720051 69600
013720070 60160
013720082 61120
013720140 56640
013720152 63520
013720153 54400
013720167 49120
013720182 53920
013720189 61280
013720198 52960
013720199 53280
013720201 50080
013720215 39504
013720233 47360
013720256 53440
013720274 61600
013720275 52320
013720311 48320
013720360 56160
014070040 67216
014070080 52800
014070092 60416
014070101 78384
014070159 54080
014070207 61312
014070217 38000
014070239 66240
014070248 56608
014070265 73072
014070270 42512
014070281 63808
014070297 86352
014070304 67600
014070308 80944
014070336 67200
014070341 106000
014070343 75120
014070349 75952
014070358 58656
014180002 74336
014180008 63840
014180011 56960
014180013 57760
014180044 61760
014180051 59680
014180063 51520
014180077 51936
014180084 68000
014180088 55040
014180100 49760
014180131 79440
014180139 72160
014180143 105920
014180150 52752
014180155 38400
014180158 40000
014180160 53920
014180165 44960
014180166 43040
014190006 52960
014190025 89504
014190027 60960
014190030 48480
014190055 58080
014190059 56816
014190060 49136
014190062 47520
014190064 64624
014190071 34560
014190073 61760
014190081 49760
014190088 55520
014190095 55680
014190098 54080
014190107 69280
014190108 73760
014190114 48640
014190128 47680
014190172 42656
014350004 68592
014350012 56400
014350016 63040
014350017 71840
014350018 55200
014350020 51760
014350022 48160
014350028 46640
014350085 78240
014350094 56512
014350103 50560
014350110 50400
014350127 48944
014350133 67120
014350146 92160
014350153 42128
014350157 29440
014350158 36704
014350163 31040
014350165 55520
014390008 76000
014390009 86560
014390045 61280
014390051 91168
014390052 101328
014390057 73760
014390064 70560
014390068 88480
014390076 85280
014390086 91680
014390090 59200
014390117 94880
014390124 89280
014390133 89600
014390134 93760
014390135 138400
014390143 80480
014390154 86080
014390156 93440
014390163 77760
014470007 68960
014470017 53920
014470026 55040
014470028 56784
014470031 43840
014470038 70080
014470039 53920
014470048 46240
014470053 47520
014470060 37600
014470063 59680
014470072 53600
014470084 72480
014470100 54400
014470109 69440
014470124 49280
014470140 119200
014470141 92160
014470149 48160
014470150 50880
020220021 81088
020220023 71104
020220033 65088
020220048 44352
020220056 49552
020220060 42336
020220072 49312
020220091 57952
020220120 48736
020220122 40608
020220139 49744
020220141 40240
020220176 51408
020220200 56064
020220221 42944
020220232 41888
020220259 43248
020220264 50240
020220295 47952
020220366 44240
020340016 54400
020340019 45600
020340029 38080
020340043 37920
020340055 49920
020340056 59680
020340063 35040
020340065 50880
020340071 45760
020340096 48800
020340098 60160
020340109 76960
020340113 76704
020340124 51040
020340140 34720
020340144 63680
020340156 63680
020340162 41120
020340166 31680
020340169 37600
020360017 46128
020360019 55744
020360036 50240
020360055 74624
020360089 79392
020360097 62320
020360100 58656
020360131 69264
020360136 47040
020360143 50912
020360202 54672
020360211 49520
020360220 50096
020360228 46560
020360245 45664
020360299 65136
020360301 43328
020360302 56224
020360312 80800
020360329 51776
020590022 65696
020590026 78784
020590047 48432
020590077 78368
020590103 68912
020590121 61472
020590122 48160
020590123 56176
020590144 59648
020590151 50608
020590164 50512
020590181 51088
020590228 67200
020590265 58144
020590274 63328
020590276 75104
020590290 39712
020590322 66768
020590359 47984
020590376 74224
020610010 52320
020610014 48800
020610061 83376
020610090 60416
020610122 62240
020610134 48320
020610166 51328
020610168 63040
020610174 66400
020610175 51984
020610194 61936
020610201 48000
020610206 50080
020610207 77728
020610291 43680
020610302 65120
020610316 60000
020610328 42560
020610341 92080
020610343 75392
020890003 68528
020890037 51072
020890112 51696
020890134 46256
020890156 48528
020890165 52144
020890206 59776
020890207 51312
020890215 54704
020890219 49984
020890259 49472
020890260 56464
020890267 52016
020890274 73696
020890306 56352
020890313 52432
020890326 84656
020890340 53232
020890346 52144
020890371 48768
021290009 58080
021290011 54032
021290068 62240
021290121 48384
021290134 42912
021290144 59280
021290148 46240
021290160 59280
021290169 45648
021290173 41184
021290200 53056
021290209 53920
021290235 62080
021290261 48064
021290282 57056
021290291 46240
021290319 48784
021290324 49440
021290326 45760
021290371 50576
021680007 50976
021680016 61168
021680048 72400
021680052 65648
021680122 49648
021680154 55776
021680169 48192
021680190 85760
021680237 61824
021680246 52400
021680249 59376
021680251 55008
021680266 51264
021680288 73120
021680297 51552
021680318 61984
021680332 48752
021680369 51648
021680379 60992
021680380 77072
021700029 57696
021700034 67872
021700062 62608
021700077 49920
021700120 60800
021700131 44992
021700139 53168
021700153 85104
021700176 41984
021700211 49968
021700224 49696
021700232 71840
021700236 76784
021700240 61152
021700277 57792
021700287 39296
021700291 48208
021700300 48752
021700362 53424
021700379 57456
021790008 47440
021790025 47360
021790030 46400
021790035 49760
021790039 50400
021790040 50880
021790043 44912
021790055 71552
021790075 40480
021790081 63360
021790083 42992
021790084 68768
021790108 61760
021790112 31488
021790125 46720
021790149 39456
021790152 44144
021790168 75200
021790169 46560
021790173 56560
022080028 59888
022080038 64544
022080085 66384
022080100 43968
022080116 50288
022080124 59712
022080146 51216
022080179 55536
022080181 44176
022080186 44416
022080187 46384
022080189 37408
022080192 45488
022080202 38496
022080204 39712
022080210 57072
022080294 38336
022080299 69232
022080340 65792
022080341 47312
022360092 65888
022360126 61328
022360147 48064
022360159 44768
022360185 41072
022360186 40144
022360221 59760
022360222 55952
022360227 48528
022360231 54800
022360253 64112
022360259 47792
022360262 39968
022360265 50592
022360293 44464
022360310 70560
022360311 48768
022360321 72800
022360326 52592
022360350 42848
022420015 41456
022420045 58544
022420067 46144
022420073 84688
022420086 70224
022420106 49840
022420129 46480
022420138 49008
022420146 51264
022420164 51536
022420168 60416
022420172 45200
022420273 48304
022420288 44448
022420292 48016
022420306 50304
022420342 48496
022420346 68176
022420348 64128
022420362 56496
022440038 71552
022440039 70560
022440062 73248
022440073 68272
022440126 42480
022440134 58976
022440139 38864
022440144 50608
022440165 64864
022440180 58400
022440189 67248
022440215 47584
022440277 43792
022440286 58080
022440312 48768
022440337 57168
022440340 66000
022440352 53312
022440361 60208
022440362 52992
022510066 57344
022510069 61264
022510089 63952
022510093 71552
022510095 57504
022510122 53552
022510152 74448
022510166 58992
022510190 66640
022510211 59456
022510230 69712
022510237 65296
022510255 48576
022510266 58160
022510276 58016
022510291 55328
022510300 51488
022510320 57856
022510323 50720
022510368 57408
022820020 68528
022820021 62112
022820026 45520
022820042 70480
022820062 64352
022820072 72496
022820079 75184
022820106 62752
022820107 50032
022820121 56576
022820134 50800
022820142 41264
022820155 52352
022820191 46352
022820197 56848
022820281 40608
022820291 44336
022820293 50016
022820317 43520
022820357 46240
023800015 53840
023800042 70000
023800056 52448
023800093 62864
023800114 68176
023800124 56032
023800160 45328
023800186 40624
023800242 63248
023800260 57936
023800277 48768
023800278 63312
023800280 50368
023800298 69904
023800326 55680
023800330 73568
023800338 67520
023800352 52112
023800363 58832
023800368 45200
024020047 42400
024020051 74080
024020053 39840
024020069 85760
024020084 52640
024020142 71840
024020158 56416
024020175 46560
024020176 64320
024020205 37440
024020233 66400
024020238 80960
024020253 83088
024020256 41760
024020260 55040
024020265 42880
024020291 61840
024020321 42912
024020328 68480
024020337 67616
024270011 74400
024270019 55632
024270028 88576
024270051 64752
024270053 53936
024270057 60592
024270077 45440
024270127 48144
024270155 46144
024270168 39376
024270176 45488
024270178 45600
024270183 48912
024270197 59888
024270206 54240
024270245 56464
024270270 57808
024270292 48544
024270313 32800
024270336 39264
024300001 53824
024300052 75168
024300061 37072
024300063 48288
024300065 56704
024300068 100528
024300080 36320
024300082 87456
024300093 62512
024300099 67712
024300118 55968
024300131 49424
024300132 59536
024300135 68000
024300189 51984
024300221 50816
024300270 43616
024300330 54352
024300345 55456
024300360 56160
024500006 43392
024500021 74560
024500033 61280
024500095 67200
024500126 37616
024500139 49376
024500141 53856
024500147 51024
024500151 47840
024500156 49632
024500164 49952
024500228 57824
024500250 52672
024500268 71632
024500284 67264
024500317 55136
024500327 45344
024500333 44016
024500350 52640
024500363 53760
026210005 51136
026210047 62080
026210096 47200
026210123 54864
026210132 53712
026210135 46896
026210136 45008
026210141 49776
026210157 61344
026210177 55856
026210185 53584
026210203 49216
026210213 43216
026210220 56864
026210231 44512
026210242 50144
026210262 47808
026210287 52560
026210299 49504
026210302 37184
027990028 67040
027990046 40672
027990056 57760
027990059 45856
027990066 49152
027990153 37120
027990156 56480
027990160 46240
027990162 55840
027990167 53120
027990201 54816
027990232 46544
027990242 39584
027990247 55520
027990264 51664
027990309 37872
027990328 54096
027990330 52000
027990341 50240
027990358 54064
029810020 43120
029810027 65952
029810135 43840
029810139 46560
029810147 37440
029810158 39456
029810200 44960
029810204 43520
029810216 36800
029810221 48480
029810234 57920
029810235 71200
029810243 53328
029810283 38880
029810294 63360
029810301 40960
029810315 46400
029810349 61440
029810350 67520
029810360 39632
030020008 42720
030020012 63040
030020022 39040
030020047 40960
030020048 69664
030020065 42080
030020077 42592
030020092 51040
030020100 69600
030020112 31040
030020117 42400
030020126 68688
030020136 45760
030020138 34656
030020144 48000
030020152 39520
030020159 48800
030020161 49760
030020162 56640
030020172 43360
030200005 76432
030200011 46880
030200016 33120
030200018 36960
030200019 43360
030200021 80000
030200037 57920
030200041 32160
030200049 40160
030200057 40000
030200076 37856
030200078 75248
030200087 46240
030200101 66496
030200105 42240
030200108 50560
030200137 53456
030200151 38720
030200153 70560
030200164 59840
030210005 43680
030210032 51520
030210041 49760
030210042 81280
030210044 44480
030210045 38560
030210047 57600
030210050 37440
030210060 55200
030210074 50080
030210079 56320
030210082 42720
030210118 52960
030210123 38336
030210137 47040
030210143 56480
030210152 79040
030210164 59840
030210165 55840
030210175 46880
030230003 56848
030230018 43872
030230056 46752
030230060 80640
030230086 51440
030230092 67712
030230119 58880
030230170 57376
030230182 47264
030230194 55872
030230209 47168
030230253 44688
030230260 56096
030230276 45632
030230280 55088
030230311 46000
030230330 57520
030230336 46896
030230340 61344
030230374 47648
030460032 40016
030460038 67040
030460048 52320
030460051 39360
030460052 59344
030460071 47680
030460085 36960
030460097 88160
030460106 41712
030460110 48320
030460114 45120
030460126 35200
030460133 59040
030460142 67200
030460146 51040
030460147 76160
030460157 60528
030460158 40480
030460160 54560
030460163 38560
030490010 55392
030490013 43440
030490029 47904
030490040 58976
030490055 114080
030490062 49440
030490063 72528
030490071 68672
030490076 68496
030490078 53856
030490095 99200
030490126 38080
030490127 73120
030490130 36960
030490138 49120
030490140 44960
030490142 52384
030490166 101600
030490168 36640
030490170 41280
030680003 61280
030680005 62880
030680009 36800
030680016 54880
030680027 51680
030680034 36160
030680037 36800
030680045 53280
030680054 51360
030680056 53120
030680072 53728
030680075 48000
030680090 51360
030680092 48800
030680097 38560
030680105 40064
030680114 60640
030680119 44960
030680140 41120
030680162 73952
030830001 50560
030830004 37280
030830013 78640
030830021 93520
030830030 37920
030830033 68480
030830043 47200
030830069 64128
030830074 40160
030830093 62192
030830094 41280
030830102 47360
030830116 62240
030830118 63856
030830124 85600
030830129 50304
030830135 46080
030830147 44864
030830154 33760
030830169 38352
030880003 48944
030880015 39328
030880018 50080
030880019 44480
030880025 65520
030880041 85648
030880049 45600
030880057 48384
030880058 52960
030880067 56960
030880086 40320
030880092 40560
030880096 44480
030880099 51520
030880105 32080
030880123 45392
030880131 40032
030880146 46560
030880172 39168
030880173 47632
032080019 34880
032080038 42560
032080043 45920
032080056 38080
032080058 41280
032080071 50064
032080078 52320
032080079 54240
032080083 67520
032080088 53440
032080092 71520
032080093 48000
032080099 39520
032080103 44960
032080110 54880
032080119 75360
032080132 44960
032080145 57280
032080150 37120
032080161 47840
034230011 51232
034230034 50880
034230035 41120
034230043 48320
034230051 82240
034230058 53280
034230063 62720
034230072 46720
034230079 48480
034230081 48640
034230083 48400
034230085 48480
034230108 53280
034230112 53760
034230115 60160
034230123 72480
034230141 84800
034230154 54880
034230164 61760
034230168 53216
036360016 63584
036360027 49760
036360029 76800
036360032 60320
036360033 69648
036360034 52160
036360044 93024
036360055 51184
036360061 60640
036360062 54400
036360071 104496
036360106 104480
036360111 111824
036360114 57808
036360142 65808
036360151 66176
036360154 48800
036360160 51840
036360167 75648
036360174 46800
038370004 69120
038370013 56320
038370019 56656
038370045 71040
038370052 54080
038370056 59360
038370060 41760
038370061 50560
038370068 64480
038370070 57280
038370081 49440
038370097 40000
038370105 40800
038370107 48000
038370128 54400
038370142 61280
038370153 104000
038370160 41280
038370167 68960
038370170 54720
040050015 55696
040050041 77968
040050060 58304
040050071 45536
040050094 47696
040050107 52960
040050110 41520
040050125 49152
040050142 49664
040050180 66080
040050183 40352
040050203 41536
040050205 50032
040050255 41616
040050264 40688
040050271 43264
040050281 49648
040050295 42656
040050306 44432
040050358 53392
051950005 50560
051950011 52000
051950018 65120
051950025 45440
051950032 44480
051950033 79360
051950038 52000
051950044 40960
051950050 49760
051950051 43680
051950067 62240
051950075 56480
051950086 48960
051950088 40480
051950096 51520
051950138 46240
051950154 48000
051950163 41120
051950164 51840
051950170 85920
052180017 40320
052180027 35520
052180028 50560
052180037 42400
052180041 53280
052180042 52160
052180046 32640
052180068 39520
052180084 34720
052180090 30400
052180093 55520
052180098 47360
052180104 65600
052180112 68480
052180117 40320
052180124 59680
052180137 51840
052180143 57600
052180146 45280
052180160 53760
054010004 83680
054010009 67840
054010014 45696
054010032 45600
054010046 59520
054010051 57680
054010055 46992
054010061 48000
054010072 49440
054010079 105696
054010091 52960
054010095 61840
054010105 54752
054010107 69760
054010123 59232
054010130 44448
054010136 78320
054010148 43120
054010155 40800
054010165 61664
054080004 59920
054080008 43360
054080011 45920
054080019 52000
054080021 59648
054080033 44800
054080035 62400
054080042 62880
054080065 51520
054080081 71968
054080109 63168
054080123 40800
054080138 55264
054080150 53440
054080151 56208
054080154 61440
054080163 57120
054080165 55040
054080167 57600
054080174 61440
054140003 38528
054140010 69760
054140015 36176
054140019 43840
054140021 51680
054140039 37280
054140051 55680
054140057 39424
054140077 77920
054140098 47840
054140104 40960
054140106 40960
054140113 40800
054140115 42720
054140118 55200
054140119 37120
054140122 77600
054140127 60960
054140154 47984
054140158 54752
054180014 34688
054180015 37920
054180021 49600
054180022 50336
054180029 42736
054180033 53440
054180059 33152
054180063 38176
054180075 33632
054180076 45120
054180077 34512
054180079 32800
054180087 56640
054180091 41536
054180096 35696
054180111 41440
054180123 43360
054180126 43760
054180130 74864
054180174 57888
054240002 72896
054240025 45280
054240038 50096
054240039 45424
054240048 52640
054240053 58240
054240079 39904
054240091 36848
054240093 39872
054240094 35968
054240097 63520
054240099 81776
054240109 38480
054240115 60896
054240116 44480
054240117 45968
054240125 40160
054240126 65440
054240138 52640
054240152 66832
055510024 47360
055510029 41440
055510046 71744
055510061 61504
055510067 49280
055510070 65840
055510078 41280
055510079 102864
055510084 46240
055510088 58720
055510093 55360
055510096 46576
055510100 50528
055510110 51840
055510122 72992
055510130 62560
055510143 95840
055510156 50256
055510164 72480
055510165 45760
060100004 68960
060100009 44640
060100031 65440
060100034 56032
060100037 40960
060100041 82880
060100047 56960
060100066 39840
060100081 76480
060100092 36000
060100100 85120
060100101 60320
060100105 50352
060100124 89920
060100128 88480
060100132 75872
060100147 47952
060100154 53760
060100159 46080
060100164 68160
060480005 58032
060480008 51040
060480012 61776
060480018 45920
060480037 48480
060480050 52800
060480082 48160
060480084 73872
060480090 74880
060480094 53600
060480102 45488
060480104 72000
060480131 78320
060480134 50176
060480135 59296
060480145 64000
060480147 47840
060480148 56320
060480168 68480
060480169 72000
061210013 44800
061210031 37760
061210059 40800
061210060 55488
061210063 64960
061210068 61440
061210069 59216
061210071 37280
061210075 33600
061210086 34400
061210095 38720
061210109 62720
061210128 47360
061210129 66240
061210140 48320
061210141 49104
061210142 34080
061210147 57920
061210148 36960
061210174 46080
064010049 49120
064010056 72288
064010057 58288
064010066 69616
064010067 68208
064010086 54720
064010092 56336
064010093 73744
064010103 59840
064010107 56064
064010109 43264
064010120 58624
064010123 69088
064010135 53760
064010141 65008
064010150 93280
064010161 90720
064010164 63920
064010172 77776
064010173 62576
065040005 77840
065040007 51040
065040009 72128
065040011 51520
065040028 66240
065040042 51856
065040044 54080
065040045 56800
065040049 48688
065040077 56480
065040112 44144
065040118 52704
065040124 51680
065040125 48160
065040126 38240
065040127 44800
065040133 67680
065040134 53920
065040137 48160
065040160 43568
069120003 64800
069120014 57744
069120020 50080
069120025 52320
069120052 40288
069120059 59872
069120061 51840
069120072 45232
069120083 45536
069120087 42880
069120092 60800
069120093 70400
069120094 66880
069120106 51184
069120121 62144
069120123 38992
069120140 70240
069120151 64624
069120165 52480
069120170 59840
070010001 94464
070010002 194608
070010003 186224
070010004 250688
070010005 318448
070010006 326528
070010007 150704
070010008 268816
070010009 215376
070010010 201056
070010011 218320
070010012 168080
070010013 104256
070010014 237344
070010015 315760
070010016 304176
070010017 196496
070010018 219008
070010019 214944
070010020 200336
075510004 63312
075510010 90752
075510017 48592
075510036 71600
075510038 79728
075510041 42432
075510057 43840
075510076 61760
075510086 52288
075510090 85600
075510091 64608
075510099 51792
075510129 59520
075510131 66880
075510137 46304
075510142 61472
075510144 65600
075510163 60720
075510165 57440
075510167 58400
080020001 168272
080020002 104048
080020003 273696
080020004 131776
080020005 95248
080020006 106720
080020007 109648
080020008 116816
080020009 173888
080020010 178704
080020011 229984
080020012 140320
080020013 120304
080020014 91232
080020015 88528
080020016 203568
080020017 109376
080020018 126160
080020019 185136
080020020 117392
080570004 42368
080570009 36480
080570013 46240
080570014 49776
080570031 60480
080570053 56320
080570067 56960
080570071 60480
080570072 84960
080570080 59360
080570081 57920
080570087 51856
080570089 51840
080570102 60160
080570127 44800
080570138 54720
080570143 79040
080570144 71040
080570146 57600
080570157 40800
085850006 59200
085850024 45440
085850039 57920
085850042 82080
085850044 45312
085850046 44672
085850056 63200
085850075 43040
085850088 43072
085850092 56448
085850094 39840
085850101 37280
085850108 65760
085850112 42400
085850119 45440
085850120 38400
085850138 58240
085850146 45600
085850161 55840
085850170 49760
090340002 59840
090340007 51728
090340021 56160
090340032 62880
090340039 67360
090340041 53600
090340043 85440
090340054 46240
090340071 39840
090340085 46080
090340088 36960
090340090 68000
090340108 39360
090340114 71040
090340126 58080
090340131 48960
090340155 75520
090340158 47360
090340164 49920
090340168 88800
090700006 47840
090700008 62720
090700019 43520
090700042 60800
090700045 63520
090700047 44448
090700054 51040
090700055 62720
090700057 80160
090700059 59840
090700065 72960
090700081 53232
090700082 46880
090700108 48800
090700111 66720
090700117 67072
090700127 51952
090700148 62448
090700164 77760
090700172 73440
095560005 69648
095560008 73424
095560010 48976
095560017 67280
095560031 74720
095560037 64640
095560051 68704
095560054 65120
095560069 78688
095560080 62256
095560083 73424
095560108 58720
095560115 47984
095560129 63520
095560133 77472
095560150 71968
095560153 75392
095560163 50688
095560164 72160
095560170 59824
096000002 103824
096000003 124800
096000004 103904
096000005 118208
096000006 119040
096000007 150176
096000008 123360
096000009 93056
096000010 114704
096000011 93600
096000012 112848
096000013 90064
096000014 88016
096000015 132240
096000016 123040
096000017 127856
096000018 148096
096000020 119552
096000021 145776
096000022 113264
096040001 98784
096040002 94064
096040004 43472
096040005 108944
096040006 102048
096040007 92752
096040008 63520
096040009 56928
096040010 136080
096040011 126000
096040012 84976
096040014 124160
096040015 57344
096040016 117120
096040018 113440
096040019 87184
096040021 66336
096040023 138464
096040024 88912
096040025 73264
096060001 89920
096060002 83488
096060003 86400
096060004 53792
096060005 109152
096060006 164784
096060007 67872
096060008 144160
096060009 150880
096060010 123504
096060011 92960
096060012 65664
096060013 88960
096060014 91584
096060015 99040
096060016 143600
096060017 119248
096060019 76160
096060020 101040
096060022 102880
096070002 85184
096070003 96944
096070005 116480
096070006 65328
096070007 97744
096070008 94592
096070011 86528
096070012 52912
096070013 131168
096070014 122160
096070015 109040
096070016 79936
096070017 99520
096070018 94480
096070019 72688
096070020 118736
096070021 97920
096070022 91936
096070023 103520
096070024 104272
096090001 191120
096090003 245440
096090005 154880
096090006 109344
096090007 187520
096090008 187152
096090010 200624
096090011 177184
096090014 134560
096090015 106720
096090017 230240
096090018 111136
096090019 180064
096090020 153920
096090021 190048
096090023 182512
096090024 148832
096090025 136400
096090026 81280
096090027 143952
096110001 82928
096110002 83104
096110003 60224
096110004 47904
096110005 83600
096110006 95664
096110008 53344
096110009 63792
096110011 77264
096110012 84032
096110013 46672
096110014 72480
096110015 91008
096110016 94912
096110017 100000
096110018 57152
096110019 79456
096110021 80336
096110022 69808
096110023 82320
096130001 52272
096130002 74080
096130003 75344
096130004 67760
096130005 100864
096130006 47680
096130007 70400
096130008 60048
096130009 89024
096130010 69488
096130011 62864
096130012 58464
096130013 81280
096130014 111856
096130016 71824
096130017 69760
096130018 76864
096130019 54992
096130020 71744
096130021 53552
096140002 89952
096140003 162240
096140004 148768
096140005 94656
096140006 105296
096140007 141376
096140008 103408
096140009 110768
096140010 82768
096140011 132848
096140012 151424
096140014 101872
096140015 138528
096140016 161680
096140017 133632
096140018 123008
096140019 85648
096140020 116688
096140021 80352
096140022 132784
096150003 126720
096150005 231408
096150006 215360
096150007 200320
096150009 129680
096150010 175792
096150011 187840
096150012 196640
096150013 154896
096150016 121680
096150017 148512
096150018 139664
096150019 144912
096150020 178160
096150021 160720
096150024 193488
096150025 212976
096150026 237648
096150027 104336
096150028 120208
096160001 242560
096160002 190720
096160003 66960
096160004 86128
096160005 75792
096160006 145632
096160007 76496
096160008 116576
096160009 116224
096160010 96992
096160011 117520
096160012 97712
096160013 85776
096160014 128416
096160015 84208
096160016 122448
096160017 123904
096160018 129776
096160019 78736
096160020 118944
096190001 73872
096190002 88912
096190003 101040
096190004 129312
096190005 140656
096190006 96240
096190007 122640
096190008 101552
096190009 107424
096190010 67440
096190011 74448
096190012 112544
096190013 117408
096190014 135728
096190015 108416
096190016 123392
096190017 99680
096190019 102832
096190020 66496
096190021 64944
096240001 50400
096240002 77440
096240003 71104
096240004 69472
096240005 101808
096240006 116864
096240007 180800
096240008 60960
096240009 88608
096240010 85856
096240011 66768
096240012 131776
096240013 53968
096240014 114080
096240015 133440
096240016 44160
096240017 94288
096240019 92816
096240020 52640
096240021 126240
096250001 61408
096250002 116928
096250003 63040
096250004 50720
096250005 78400
096250007 71536
096250008 56880
096250009 71056
096250010 74048
096250011 80176
096250012 79456
096250013 77360
096250014 105648
096250015 57504
096250016 75536
096250017 72496
096250018 81600
096250020 115440
096250021 119168
096250023 54960
096280011 113312
096280012 80640
096280013 159792
096280014 135696
096280015 138576
096280016 93280
096280017 139216
096280018 117120
096280019 81600
096280020 160960
096280021 92800
096280022 188528
096280023 142352
096280024 171520
096280025 107696
096280026 79184
096280027 75728
096280028 96368
096280029 88368
096280030 98016
096300001 64288
096300002 48288
096300003 66032
096300004 83680
096300005 61072
096300006 73168
096300007 62304
096300008 80976
096300009 51552
096300010 61200
096300011 52512
096300012 86000
096300013 82912
096300014 53424
096300015 59184
096300016 99248
096300017 64912
096300018 52832
096300019 54976
096300020 59040
096340004 112800
096340005 133248
096340006 100896
096340007 89584
096340008 116512
096340009 103376
096340010 105280
096340011 115392
096340012 163680
096340013 83152
096340014 123360
096340015 111488
096340016 112000
096340017 174848
096340018 140480
096340019 151584
096340020 186144
096340021 126272
096340022 150192
096340023 123840
096390001 45952
096390002 63440
096390003 41408
096390004 49568
096390005 62640
096390006 48288
096390007 52096
096390008 60176
096390009 45792
096390010 85136
096390011 38800
096390012 53200
096390013 66016
096390014 48960
096390015 52320
096390016 67632
096390017 63152
096390018 67584
096390019 48512
096390020 75936
096430002 91200
096430003 122352
096430004 143808
096430005 179104
096430006 209904
096430007 161248
096430008 152896
096430009 97056
096430010 151696
096430011 162160
096430012 122064
096430013 170016
096430014 128336
096430015 152800
096430016 141904
096430017 171616
096430018 129376
096430019 135488
096430020 146528
096430021 108320
096450001 52480
096450002 81360
096450003 120160
096450004 54432
096450005 98144
096450006 74224
096450007 92400
096450008 58544
096450010 106464
096450011 111008
096450012 87680
096450013 115632
096450014 118912
096450015 58896
096450016 108000
096450017 77408
096450018 67424
096450019 98528
096450020 112272
096450021 71360
096460002 118912
096460003 129376
096460004 102912
096460005 123168
096460006 165488
096460007 73632
096460008 66816
096460009 72048
096460010 41424
096460011 80368
096460012 97120
096460013 64400
096460014 82880
096460015 46432
096460016 80208
096460017 59760
096460018 46224
096460019 53952
096460020 79056
096460021 55168
096490001 102432
096490002 140448
096490003 119008
096490004 113616
096490005 160240
096490006 71968
096490007 130240
096490008 96800
096490009 97568
096490010 71024
096490011 125488
096490012 77744
096490013 63024
096490014 84416
096490015 93456
096490016 95360
096490017 60448
096490018 52272
096490019 74432
096490020 63440
