000010011 10
000010035 13
000010053 11
000010063 13
000010069 15
000010075 11
000010089 15
000010095 13
000010106 12
000010113 18
000010115 17
000010121 16
000010122 19
000010133 14
000010135 15
000010140 15
000010145 15
000010149 15
000010168 2
000010173 4
000050003 15
000050010 10
000050024 15
000050028 10
000050038 13
000050040 13
000050047 10
000050049 7
000050055 8
000050078 18
000050079 19
000050083 14
000050095 14
000050099 17
000050100 15
000050114 19
000050118 17
000050122 20
000050174 8
000050175 6
000060015 17
000060020 18
000060029 15
000060031 12
000060049 10
000060056 14
000060077 12
000060081 15
000060082 10
000060083 15
000060094 17
000060102 13
000060106 18
000060111 17
000060113 13
000060116 19
000060124 19
000060130 12
000060136 10
000060153 15
000260001 11
000260011 14
000260015 15
000260032 12
000260033 13
000260039 12
000260048 13
000260050 12
000260052 14
000260069 15
000260075 11
000260091 18
000260095 16
000260096 15
000260112 22
000260115 19
000260121 21
000260126 12
000260133 15
000260166 12
000360013 20
000360034 27
000360036 14
000360132 20
000360133 25
000360161 18
000360190 23
000360210 25
000360223 30
000360241 18
000360264 30
000360283 11
000360313 21
000360314 14
000360332 27
000360334 18
000360339 24
000360343 30
000360360 22
000360378 13
000480010 9
000480014 13
000480015 22
000480016 13
000480019 16
000480023 13
000480033 12
000480045 13
000480068 10
000480081 15
000480089 14
000480090 8
000480108 14
000480119 16
000480125 22
000480134 14
000480136 17
000480151 11
000480158 13
000480159 13
000530003 17
000530006 15
000530019 16
000530027 9
000530030 14
000530037 9
000530054 9
000530055 15
000530060 16
000530063 12
000530076 21
000530077 13
000530094 15
000530109 14
000530112 18
000530115 17
000530145 25
000530154 11
000530163 16
000530174 12
000540001 10
000540004 10
000540014 14
000540018 18
000540031 12
000540054 12
000540055 12
000540058 23
000540062 14
000540072 15
000540077 14
000540088 13
000540106 17
000540111 14
000540117 16
000540123 20
000540127 16
000540130 12
000540156 10
000540163 11
000560016 19
000560017 17
000560026 12
000560030 10
000560033 13
000560038 9
000560058 14
000560068 11
000560074 11
000560075 15
000560084 14
000560086 14
000560088 8
000560116 19
000560117 25
000560134 22
000560154 13
000560159 7
000560162 14
000560172 12
000700008 16
000700010 13
000700012 12
000700015 17
000700019 17
000700034 12
000700037 12
000700046 12
000700048 10
000700053 12
000700063 14
000700065 15
000700082 10
000700109 14
000700120 18
000700123 23
000700130 13
000700151 13
000700156 7
000700174 9
000750005 11
000750015 15
000750020 24
000750024 13
000750026 14
000750029 15
000750045 12
000750068 13
000750080 13
000750082 14
000750085 12
000750091 18
000750101 12
000750106 14
000750108 11
000750123 17
000750128 12
000750134 9
000750140 13
000750149 18
001030008 17
001030013 15
001030032 13
001030048 10
001030053 9
001030054 9
001030060 15
001030061 12
001030065 11
001030077 16
001030078 16
001030090 11
001030099 18
001030102 16
001030103 17
001030121 16
001030136 17
001030143 16
001030144 20
001030155 10
001040022 14
001040026 14
001040038 12
001040050 12
001040062 11
001040067 16
001040069 14
001040071 13
001040073 16
001040100 18
001040104 12
001040106 14
001040108 15
001040115 18
001040120 18
001040122 17
001040134 16
001040136 15
001040149 27
001040173 8
001310020 17
001310022 14
001310023 14
001310061 14
001310062 11
001310076 18
001310078 16
001310081 13
001310096 17
001310122 19
001310123 25
001310129 13
001310144 9
001310148 2
001310152 12
001310154 11
001310155 6
001310162 6
001310165 14
001310168 9
001350002 16
001350091 31
001350119 21
001350124 27
001350134 9
001350163 18
001350174 22
001350180 27
001350194 25
001350216 15
001350219 24
001350243 15
001350285 23
001350312 20
001350317 26
001350318 21
001350343 19
001350350 12
001350356 16
001350375 19
001450037 10
001450043 11
001450049 20
001450051 18
001450063 11
001450070 13
001450083 19
001450090 19
001450094 17
001450098 19
001450109 12
001450116 19
001450140 9
001450142 4
001450146 9
001450159 13
001450170 14
001450171 18
001450172 15
001450173 4
004820005 22
004820015 24
004820041 32
004820045 13
004820055 19
004820114 29
004820119 24
004820144 22
004820201 25
004820214 19
004820220 14
004820239 17
004820258 20
004820265 25
004820268 16
004820329 22
004820353 23
004820370 17
004820371 22
004820378 31
005600015 22
005600060 17
005600065 18
005600129 24
005600145 15
005600146 12
005600153 12
005600154 32
005600180 12
005600199 14
005600205 26
005600212 22
005600214 16
005600268 18
005600294 11
005600296 22
005600298 11
005600318 23
005600365 18
005600370 21
005750059 30
005750067 23
005750089 32
005750099 30
005750150 22
005750168 18
005750178 13
005750179 17
005750237 23
005750249 19
005750268 19
005750270 23
005750290 16
005750297 24
005750298 12
005750300 16
005750303 15
005750321 16
005750330 30
005750347 28
005940019 20
005940025 22
005940141 18
005940142 16
005940164 19
005940174 24
005940193 17
005940195 13
005940234 16
005940237 19
005940238 20
005940252 17
005940263 26
005940267 21
005940271 19
005940283 17
005940304 18
005940318 21
005940373 22
005940380 25
007390013 19
007390019 21
007390062 21
007390070 38
007390072 16
007390092 16
007390119 22
007390120 16
007390139 23
007390160 24
007390195 28
007390197 17
007390208 20
007390211 14
007390220 29
007390228 18
007390238 21
007390281 19
007390294 13
007390355 28
008130061 27
008130081 27
008130091 38
008130100 25
008130153 15
008130196 16
008130222 19
008130233 17
008130257 14
008130271 23
008130281 20
008130282 30
008130283 27
008130288 29
008130301 19
008130339 18
008130340 20
008130346 17
008130356 16
008130380 21
009600062 17
009600113 35
009600118 25
009600120 14
009600127 22
009600129 21
009600133 32
009600140 18
009600186 19
009600190 23
009600205 28
009600215 12
009600262 13
009600267 19
009600270 26
009600287 16
009600335 31
009600337 19
009600338 25
009600343 12
010120008 16
010120059 33
010120071 25
010120128 18
010120148 28
010120166 22
010120180 12
010120193 16
010120200 17
010120208 24
010120212 20
010120219 22
010120243 31
010120255 22
010120265 19
010120269 21
010120303 31
010120334 23
010120335 29
010120374 18
010270117 15
010270124 19
010270131 14
010270140 23
010270170 18
010270198 22
010270226 17
010270238 16
010270265 23
010270268 30
010270294 16
010270301 19
010270306 34
010270314 18
010270349 24
010270354 17
010270356 24
010270366 23
010270368 21
010270377 31
010290003 18
010290066 26
010290094 15
010290096 25
010290123 24
010290152 29
010290179 15
010290189 17
010290229 16
010290236 21
010290252 28
010290260 15
010290276 15
010290287 19
010290294 17
010290320 26
010290330 24
010290341 33
010290361 24
010290362 17
010330026 25
010330033 15
010330035 23
010330052 28
010330053 24
010330085 24
010330103 25
010330129 24
010330139 34
010330147 16
010330197 33
010330206 37
010330235 15
010330241 16
010330257 24
010330268 21
010330277 25
010330325 26
010330345 17
010330346 28
010420022 14
010420023 17
010420025 15
010420034 13
010420040 12
010420047 7
010420059 15
010420060 14
010420064 14
010420102 18
010420105 16
010420107 21
010420129 15
010420133 14
010420134 16
010420143 25
010420151 10
010420157 14
010420167 14
010420175 11
010440006 18
010440008 19
010440012 21
010440017 15
010440038 12
010440039 14
010440053 31
010440064 16
010440077 13
010440093 14
010440099 10
010440106 18
010440107 19
010440117 17
010440119 19
010440120 14
010440127 14
010440149 10
010440150 13
010440154 10
010640005 24
010640017 26
010640028 28
010640034 21
010640036 27
010640056 30
010640082 15
010640098 14
010640166 26
010640210 22
010640212 19
010640242 14
010640250 17
010640277 15
010640280 28
010640284 15
010640286 18
010640297 21
010640314 21
010640366 26
010920012 16
010920024 15
010920025 20
010920030 10
010920032 14
010920033 10
010920043 13
010920044 11
010920065 16
010920070 17
010920075 13
010920101 14
010920105 19
010920125 22
010920126 20
010920138 21
010920141 19
010920153 10
010920159 18
010920165 8
011970004 14
011970006 21
011970019 15
011970023 22
011970036 10
011970042 14
011970075 14
011970081 12
011970087 15
011970088 15
011970092 13
011970095 18
011970107 22
011970132 20
011970141 18
011970142 18
011970145 24
011970165 12
011970173 10
011970175 20
012030007 15
012030010 19
012030013 17
012030024 14
012030027 22
012030031 10
012030032 12
012030036 12
012030043 15
012030044 14
012030053 20
012030055 23
012030058 13
012030072 10
012030078 9
012030083 16
012030093 14
012030097 13
012030116 22
012030138 15
012600017 24
012600072 21
012600082 31
012600129 20
012600131 19
012600177 15
012600186 20
012600210 30
012600219 15
012600224 13
012600251 13
012600252 18
012600263 18
012600281 22
012600295 15
012600330 15
012600338 12
012600345 31
012600357 20
012600368 20
013090018 17
013090027 22
013090041 28
013090051 24
013090076 24
013090105 15
013090128 24
013090147 26
013090148 15
013090160 23
013090179 23
013090181 18
013090184 18
013090185 20
013090202 14
013090232 16
013090267 30
013090287 13
013090339 21
013090364 28
013360001 33
013360002 14
013360016 19
013360082 33
013360123 12
013360130 22
013360140 15
013360145 14
013360146 14
013360161 25
013360162 16
013360171 23
013360226 18
013360234 27
013360235 15
013360257 13
013360263 14
013360268 15
013360360 17
013360363 18
013620027 16
013620030 28
013620106 27
013620108 23
013620128 12
013620137 20
013620140 20
013620143 21
013620146 12
013620162 13
013620175 22
013620184 16
013620185 24
013620210 25
013620241 14
013620257 18
013620258 12
013620292 17
013620361 14
013620366 13
013720023 12
013720051 26
013720070 22
013720082 22
013720140 21
013720152 21
013720153 20
013720167 16
013720182 24
013720189 25
013720198 18
013720199 20
013720201 20
013720215 13
013720233 16
013720256 19
013720274 27
013720275 20
013720311 20
013720360 20
014070040 24
014070080 19
014070092 24
014070101 24
014070159 12
014070207 23
014070217 13
014070239 19
014070248 14
014070265 17
014070270 16
014070281 25
014070297 30
014070304 24
014070308 28
014070336 25
014070341 40
014070343 23
014070349 30
014070358 22
014180002 24
014180008 17
014180011 12
014180013 13
014180044 12
014180051 16
014180063 11
014180077 13
014180084 19
014180088 12
014180100 15
014180131 19
014180139 22
014180143 23
014180150 15
014180155 10
014180158 9
014180160 9
014180165 12
014180166 11
014190006 17
014190025 22
014190027 16
014190030 12
014190055 19
014190059 13
014190060 10
014190062 12
014190064 17
014190071 7
014190073 14
014190081 13
014190088 20
014190095 15
014190098 20
014190107 21
014190108 19
014190114 16
014190128 11
014190172 10
014350004 19
014350012 18
014350016 19
014350017 19
014350018 18
014350020 16
014350022 18
014350028 11
014350085 22
014350094 19
014350103 14
014350110 19
014350127 19
014350133 14
014350146 27
014350153 10
014350157 9
014350158 12
014350163 10
014350165 14
014390008 16
014390009 20
014390045 13
014390051 26
014390052 24
014390057 17
014390064 14
014390068 19
014390076 13
014390086 19
014390090 15
014390117 23
014390124 15
014390133 23
014390134 23
014390135 21
014390143 22
014390154 11
014390156 14
014390163 14
014470007 17
014470017 18
014470026 13
014470028 13
014470031 7
014470038 10
014470039 12
014470048 13
014470053 13
014470060 9
014470063 14
014470072 13
014470084 18
014470100 17
014470109 21
014470124 15
014470140 32
014470141 25
014470149 9
014470150 10
020220021 33
020220023 33
020220033 32
020220048 12
020220056 18
020220060 14
020220072 16
020220091 26
020220120 21
020220122 14
020220139 20
020220141 13
020220176 19
020220200 24
020220221 17
020220232 15
020220259 19
020220264 25
020220295 19
020220366 13
020340016 19
020340019 16
020340029 12
020340043 9
020340055 17
020340056 22
020340063 12
020340065 14
020340071 14
020340096 20
020340098 21
020340109 29
020340113 26
020340124 18
020340140 11
020340144 23
020340156 17
020340162 13
020340166 14
020340169 17
020360017 14
020360019 20
020360036 17
020360055 29
020360089 32
020360097 21
020360100 21
020360131 34
020360136 13
020360143 15
020360202 17
020360211 18
020360220 16
020360228 11
020360245 18
020360299 29
020360301 10
020360302 22
020360312 38
020360329 16
020590022 19
020590026 27
020590047 13
020590077 40
020590103 21
020590121 19
020590122 15
020590123 14
020590144 24
020590151 11
020590164 14
020590181 19
020590228 23
020590265 19
020590274 24
020590276 25
020590290 15
020590322 26
020590359 14
020590376 25
020610010 13
020610014 14
020610061 30
020610090 15
020610122 20
020610134 13
020610166 16
020610168 24
020610174 19
020610175 16
020610194 22
020610201 15
020610206 17
020610207 18
020610291 14
020610302 20
020610316 23
020610328 14
020610341 27
020610343 30
020890003 33
020890037 14
020890112 19
020890134 14
020890156 16
020890165 22
020890206 24
020890207 15
020890215 21
020890219 15
020890259 19
020890260 26
020890267 18
020890274 22
020890306 21
020890313 18
020890326 27
020890340 25
020890346 23
020890371 9
021290009 18
021290011 22
021290068 27
021290121 18
021290134 15
021290144 27
021290148 20
021290160 24
021290169 19
021290173 16
021290200 23
021290209 25
021290235 28
021290261 18
021290282 22
021290291 19
021290319 23
021290324 18
021290326 16
021290371 19
021680007 16
021680016 22
021680048 34
021680052 25
021680122 21
021680154 20
021680169 17
021680190 35
021680237 27
021680246 15
021680249 22
021680251 17
021680266 20
021680288 30
021680297 23
021680318 19
021680332 16
021680369 13
021680379 24
021680380 35
021700029 23
021700034 30
021700062 25
021700077 11
021700120 33
021700131 16
021700139 21
021700153 34
021700176 9
021700211 20
021700224 22
021700232 26
021700236 29
021700240 31
021700277 20
021700287 17
021700291 16
021700300 22
021700362 14
021700379 22
021790008 18
021790025 16
021790030 9
021790035 12
021790039 14
021790040 13
021790043 11
021790055 20
021790075 13
021790081 20
021790083 18
021790084 16
021790108 24
021790112 10
021790125 16
021790149 12
021790152 13
021790168 19
021790169 14
021790173 17
022080028 19
022080038 22
022080085 21
022080100 19
022080116 22
022080124 28
022080146 19
022080179 30
022080181 19
022080186 15
022080187 18
022080189 13
022080192 19
022080202 13
022080204 16
022080210 30
022080294 12
022080299 28
022080340 30
022080341 19
022360092 25
022360126 24
022360147 13
022360159 15
022360185 18
022360186 14
022360221 17
022360222 17
022360227 15
022360231 22
022360253 29
022360259 19
022360262 14
022360265 21
022360293 18
022360310 27
022360311 16
022360321 40
022360326 17
022360350 16
022420015 13
022420045 21
022420067 18
022420073 21
022420086 32
022420106 18
022420129 15
022420138 15
022420146 20
022420164 20
022420168 24
022420172 14
022420273 20
022420288 18
022420292 15
022420306 18
022420342 14
022420346 21
022420348 26
022420362 21
022440038 33
022440039 30
022440062 34
022440073 31
022440126 12
022440134 22
022440139 13
022440144 14
022440165 22
022440180 22
022440189 28
022440215 18
022440277 17
022440286 26
022440312 16
022440337 17
022440340 22
022440352 20
022440361 24
022440362 20
022510066 18
022510069 20
022510089 24
022510093 22
022510095 20
022510122 15
022510152 24
022510166 19
022510190 20
022510211 16
022510230 24
022510237 22
022510255 13
022510266 20
022510276 20
022510291 15
022510300 12
022510320 20
022510323 15
022510368 20
022820020 30
022820021 20
022820026 18
022820042 35
022820062 39
022820072 30
022820079 27
022820106 24
022820107 21
022820121 19
022820134 19
022820142 13
022820155 18
022820191 17
022820197 16
022820281 11
022820291 15
022820293 18
022820317 19
022820357 20
023800015 18
023800042 29
023800056 20
023800093 24
023800114 35
023800124 23
023800160 16
023800186 16
023800242 23
023800260 21
023800277 15
023800278 33
023800280 17
023800298 23
023800326 23
023800330 34
023800338 25
023800352 20
023800363 18
023800368 16
024020047 22
024020051 29
024020053 15
024020069 30
024020084 17
024020142 38
024020158 21
024020175 20
024020176 25
024020205 14
024020233 24
024020238 22
024020253 33
024020256 15
024020260 22
024020265 14
024020291 29
024020321 13
024020328 38
024020337 26
024270011 28
024270019 21
024270028 30
024270051 22
024270053 16
024270057 21
024270077 12
024270127 17
024270155 20
024270168 16
024270176 20
024270178 16
024270183 22
024270197 20
024270206 20
024270245 23
024270270 23
024270292 19
024270313 13
024270336 13
024300001 21
024300052 23
024300061 15
024300063 19
024300065 28
024300068 35
024300080 10
024300082 30
024300093 31
024300099 22
024300118 22
024300131 19
024300132 23
024300135 26
024300189 19
024300221 14
024300270 14
024300330 18
024300345 20
024300360 21
024500006 17
024500021 34
024500033 19
024500095 22
024500126 13
024500139 13
024500141 19
024500147 22
024500151 18
024500156 15
024500164 15
024500228 23
024500250 20
024500268 24
024500284 27
024500317 17
024500327 14
024500333 14
024500350 19
024500363 24
026210005 20
026210047 31
026210096 17
026210123 26
026210132 21
026210135 14
026210136 16
026210141 19
026210157 25
026210177 18
026210185 18
026210203 22
026210213 15
026210220 25
026210231 12
026210242 16
026210262 19
026210287 24
026210299 20
026210302 13
027990028 25
027990046 14
027990056 29
027990059 18
027990066 24
027990153 13
027990156 30
027990160 19
027990162 28
027990167 17
027990201 20
027990232 18
027990242 16
027990247 23
027990264 26
027990309 13
027990328 24
027990330 23
027990341 23
027990358 27
029810020 18
029810027 29
029810135 22
029810139 18
029810147 15
029810158 16
029810200 15
029810204 17
029810216 13
029810221 22
029810234 28
029810235 28
029810243 16
029810283 17
029810294 20
029810301 15
029810315 20
029810349 18
029810350 32
029810360 10
030020008 13
030020012 15
030020022 11
030020047 15
030020048 16
030020065 11
030020077 10
030020092 15
030020100 16
030020112 10
030020117 13
030020126 22
030020136 14
030020138 11
030020144 14
030020152 10
030020159 12
030020161 14
030020162 20
030020172 13
030200005 27
030200011 15
030200016 11
030200018 14
030200019 16
030200021 22
030200037 16
030200041 14
030200049 10
030200057 14
030200076 10
030200078 22
030200087 15
030200101 14
030200105 15
030200108 16
030200137 15
030200151 13
030200153 22
030200164 18
030210005 15
030210032 13
030210041 17
030210042 18
030210044 13
030210045 9
030210047 16
030210050 11
030210060 19
030210074 13
030210079 19
030210082 13
030210118 14
030210123 11
030210137 12
030210143 15
030210152 28
030210164 22
030210165 15
030210175 14
030230003 22
030230018 18
030230056 17
030230060 38
030230086 17
030230092 31
030230119 27
030230170 22
030230182 17
030230194 20
030230209 17
030230253 17
030230260 28
030230276 19
030230280 21
030230311 14
030230330 24
030230336 18
030230340 25
030230374 21
030460032 12
030460038 24
030460048 19
030460051 14
030460052 16
030460071 15
030460085 9
030460097 25
030460106 9
030460110 14
030460114 15
030460126 11
030460133 17
030460142 21
030460146 20
030460147 24
030460157 19
030460158 15
030460160 18
030460163 11
030490010 22
030490013 16
030490029 11
030490040 21
030490055 23
030490062 12
030490063 15
030490071 17
030490076 16
030490078 15
030490095 22
030490126 12
030490127 22
030490130 11
030490138 17
030490140 16
030490142 13
030490166 20
030490168 9
030490170 17
030680003 20
030680005 16
030680009 13
030680016 18
030680027 15
030680034 9
030680037 12
030680045 17
030680054 18
030680056 12
030680072 13
030680075 17
030680090 16
030680092 14
030680097 11
030680105 10
030680114 16
030680119 13
030680140 7
030680162 19
030830001 20
030830004 9
030830013 27
030830021 21
030830030 10
030830033 22
030830043 11
030830069 13
030830074 14
030830093 13
030830094 11
030830102 16
030830116 13
030830118 23
030830124 26
030830129 15
030830135 10
030830147 14
030830154 12
030830169 11
030880003 14
030880015 10
030880018 15
030880019 12
030880025 18
030880041 29
030880049 19
030880057 16
030880058 14
030880067 16
030880086 11
030880092 10
030880096 16
030880099 14
030880105 9
030880123 12
030880131 17
030880146 11
030880172 10
030880173 12
032080019 9
032080038 15
032080043 14
032080056 8
032080058 10
032080071 15
032080078 18
032080079 23
032080083 22
032080088 13
032080092 20
032080093 19
032080099 11
032080103 13
032080110 17
032080119 23
032080132 14
032080145 19
032080150 15
032080161 13
034230011 11
034230034 14
034230035 11
034230043 14
034230051 23
034230058 14
034230063 20
034230072 11
034230079 12
034230081 11
034230083 10
034230085 12
034230108 15
034230112 14
034230115 15
034230123 16
034230141 25
034230154 15
034230164 18
034230168 11
036360016 12
036360027 9
036360029 17
036360032 16
036360033 17
036360034 9
036360044 27
036360055 12
036360061 16
036360062 14
036360071 22
036360106 19
036360111 28
036360114 11
036360142 19
036360151 17
036360154 12
036360160 16
036360167 17
036360174 11
038370004 21
038370013 14
038370019 18
038370045 12
038370052 11
038370056 15
038370060 12
038370061 17
038370068 19
038370070 12
038370081 10
038370097 11
038370105 10
038370107 14
038370128 14
038370142 20
038370153 23
038370160 10
038370167 20
038370170 12
040050015 21
040050041 39
040050060 29
040050071 20
040050094 20
040050107 26
040050110 14
040050125 19
040050142 22
040050180 34
040050183 12
040050203 14
040050205 18
040050255 14
040050264 14
040050271 17
040050281 21
040050295 17
040050306 14
040050358 17
051950005 18
051950011 20
051950018 28
051950025 13
051950032 15
051950033 32
051950038 16
051950044 14
051950050 15
051950051 16
051950067 26
051950075 22
051950086 15
051950088 14
051950096 19
051950138 17
051950154 18
051950163 14
051950164 21
051950170 27
052180017 14
052180027 9
052180028 22
052180037 18
052180041 18
052180042 23
052180046 10
052180068 15
052180084 10
052180090 9
052180093 24
052180098 17
052180104 30
052180112 31
052180117 17
052180124 29
052180137 23
052180143 24
052180146 18
052180160 20
054010004 26
054010009 23
054010014 11
054010032 15
054010046 13
054010051 13
054010055 12
054010061 12
054010072 10
054010079 26
054010091 20
054010095 19
054010105 15
054010107 21
054010123 12
054010130 11
054010136 25
054010148 12
054010155 11
054010165 21
054080004 20
054080008 18
054080011 14
054080019 15
054080021 16
054080033 16
054080035 27
054080042 20
054080065 15
054080081 31
054080109 25
054080123 12
054080138 17
054080150 17
054080151 21
054080154 21
054080163 25
054080165 22
054080167 24
054080174 22
054140003 13
054140010 23
054140015 10
054140019 11
054140021 16
054140039 11
054140051 14
054140057 14
054140077 30
054140098 19
054140104 14
054140106 10
054140113 12
054140115 15
054140118 19
054140119 11
054140122 15
054140127 19
054140154 14
054140158 22
054180014 15
054180015 12
054180021 24
054180022 25
054180029 18
054180033 14
054180059 14
054180063 13
054180075 10
054180076 22
054180077 10
054180079 12
054180087 26
054180091 19
054180096 12
054180111 20
054180123 18
054180126 20
054180130 29
054180174 23
054240002 18
054240025 14
054240038 15
054240039 17
054240048 16
054240053 24
054240079 11
054240091 10
054240093 10
054240094 10
054240097 27
054240099 29
054240109 14
054240115 19
054240116 16
054240117 15
054240125 16
054240126 22
054240138 22
054240152 21
055510024 16
055510029 12
055510046 22
055510061 24
055510067 14
055510070 19
055510078 10
055510079 13
055510084 16
055510088 20
055510093 16
055510096 13
055510100 16
055510110 17
055510122 23
055510130 19
055510143 28
055510156 18
055510164 27
055510165 16
060100004 19
060100009 19
060100031 23
060100034 18
060100037 16
060100041 20
060100047 20
060100066 12
060100081 24
060100092 11
060100100 26
060100101 18
060100105 15
060100124 6
060100128 28
060100132 25
060100147 17
060100154 22
060100159 15
060100164 17
060480005 16
060480008 19
060480012 18
060480018 14
060480037 16
060480050 16
060480082 12
060480084 27
060480090 21
060480094 17
060480102 12
060480104 21
060480131 29
060480134 9
060480135 23
060480145 22
060480147 10
060480148 18
060480168 14
060480169 25
061210013 16
061210031 11
061210059 16
061210060 22
061210063 29
061210068 26
061210069 23
061210071 13
061210075 11
061210086 11
061210095 17
061210109 20
061210128 22
061210129 30
061210140 13
061210141 22
061210142 11
061210147 22
061210148 16
061210174 23
064010049 12
064010056 23
064010057 13
064010066 14
064010067 19
064010086 18
064010092 16
064010093 19
064010103 13
064010107 16
064010109 11
064010120 13
064010123 16
064010135 15
064010141 17
064010150 33
064010161 31
064010164 20
064010172 18
064010173 20
065040005 31
065040007 16
065040009 29
065040011 17
065040028 27
065040042 16
065040044 20
065040045 19
065040049 19
065040077 20
065040112 13
065040118 17
065040124 17
065040125 15
065040126 12
065040127 15
065040133 24
065040134 17
065040137 17
065040160 13
069120003 28
069120014 12
069120020 18
069120025 14
069120052 16
069120059 18
069120061 13
069120072 14
069120083 16
069120087 15
069120092 17
069120093 24
069120094 20
069120106 17
069120121 24
069120123 10
069120140 23
069120151 17
069120165 18
069120170 23
070010001 12
070010002 25
070010003 24
070010004 31
070010005 42
070010006 33
070010007 14
070010008 24
070010009 21
070010010 24
070010011 22
070010012 23
070010013 12
070010014 26
070010015 30
070010016 24
070010017 19
070010018 22
070010019 23
070010020 20
075510004 24
075510010 22
075510017 17
075510036 23
075510038 20
075510041 14
075510057 15
075510076 23
075510086 20
075510090 31
075510091 23
075510099 19
075510129 22
075510131 29
075510137 18
075510142 27
075510144 36
075510163 23
075510165 21
075510167 23
080020001 25
080020002 19
080020003 39
080020004 14
080020005 12
080020006 15
080020007 13
080020008 19
080020009 31
080020010 21
080020011 24
080020012 20
080020013 21
080020014 13
080020015 14
080020016 15
080020017 18
080020018 19
080020019 23
080020020 21
080570004 17
080570009 16
080570013 18
080570014 21
080570031 24
080570053 18
080570067 20
080570071 23
080570072 34
080570080 26
080570081 15
080570087 13
080570089 21
080570102 28
080570127 20
080570138 16
080570143 33
080570144 25
080570146 23
080570157 18
085850006 22
085850024 15
085850039 24
085850042 23
085850044 16
085850046 12
085850056 23
085850075 18
085850088 17
085850092 25
085850094 17
085850101 13
085850108 27
085850112 17
085850119 15
085850120 15
085850138 23
085850146 15
085850161 27
085850170 28
090340002 27
090340007 21
090340021 22
090340032 26
090340039 28
090340041 23
090340043 36
090340054 19
090340071 13
090340085 16
090340088 13
090340090 27
090340108 12
090340114 25
090340126 25
090340131 19
090340155 29
090340158 16
090340164 19
090340168 37
090700006 17
090700008 21
090700019 15
090700042 26
090700045 25
090700047 12
090700054 19
090700055 25
090700057 26
090700059 23
090700065 29
090700081 22
090700082 17
090700108 20
090700111 26
090700117 27
090700127 22
090700148 25
090700164 30
090700172 32
095560005 23
095560008 25
095560010 13
095560017 20
095560031 26
095560037 20
095560051 30
095560054 16
095560069 24
095560080 28
095560083 30
095560108 15
095560115 17
095560129 19
095560133 29
095560150 23
095560153 22
095560163 11
095560164 22
095560170 15
096000002 27
096000003 21
096000004 26
096000005 24
096000006 23
096000007 27
096000008 31
096000009 19
096000010 20
096000011 18
096000012 27
096000013 15
096000014 18
096000015 27
096000016 30
096000017 26
096000018 30
096000020 23
096000021 31
096000022 20
096040001 28
096040002 26
096040004 12
096040005 23
096040006 28
096040007 24
096040008 15
096040009 13
096040010 28
096040011 24
096040012 18
096040014 27
096040015 15
096040016 31
096040018 25
096040019 26
096040021 23
096040023 27
096040024 22
096040025 23
096060001 25
096060002 13
096060003 16
096060004 12
096060005 17
096060006 27
096060007 13
096060008 22
096060009 26
096060010 28
096060011 21
096060012 13
096060013 13
096060014 16
096060015 25
096060016 29
096060017 26
096060019 16
096060020 19
096060022 22
096070002 24
096070003 22
096070005 29
096070006 17
096070007 20
096070008 25
096070011 23
096070012 12
096070013 29
096070014 29
096070015 28
096070016 15
096070017 23
096070018 23
096070019 15
096070020 27
096070021 24
096070022 20
096070023 25
096070024 25
096090001 28
096090003 20
096090005 28
096090006 20
096090007 23
096090008 20
096090010 26
096090011 24
096090014 20
096090015 17
096090017 28
096090018 14
096090019 25
096090020 25
096090021 20
096090023 24
096090024 26
096090025 28
096090026 16
096090027 29
096110001 29
096110002 20
096110003 14
096110004 12
096110005 19
096110006 22
096110008 12
096110009 18
096110011 29
096110012 21
096110013 12
096110014 28
096110015 28
096110016 29
096110017 32
096110018 21
096110019 26
096110021 22
096110022 18
096110023 34
096130001 17
096130002 17
096130003 19
096130004 14
096130005 25
096130006 13
096130007 24
096130008 13
096130009 26
096130010 13
096130011 15
096130012 13
096130013 27
096130014 38
096130016 21
096130017 22
096130018 29
096130019 18
096130020 22
096130021 13
096140002 28
096140003 25
096140004 32
096140005 16
096140006 14
096140007 28
096140008 17
096140009 13
096140010 14
096140011 27
096140012 19
096140014 21
096140015 28
096140016 34
096140017 23
096140018 22
096140019 19
096140020 24
096140021 15
096140022 27
096150003 20
096150005 28
096150006 34
096150007 26
096150009 24
096150010 30
096150011 26
096150012 30
096150013 23
096150016 24
096150017 18
096150018 24
096150019 19
096150020 26
096150021 26
096150024 29
096150025 29
096150026 28
096150027 17
096150028 21
096160001 17
096160002 14
096160003 13
096160004 21
096160005 17
096160006 27
096160007 21
096160008 27
096160009 26
096160010 19
096160011 29
096160012 24
096160013 21
096160014 24
096160015 19
096160016 15
096160017 29
096160018 30
096160019 19
096160020 24
096190001 18
096190002 14
096190003 18
096190004 23
096190005 27
096190006 16
096190007 27
096190008 20
096190009 27
096190010 15
096190011 12
096190012 25
096190013 25
096190014 28
096190015 27
096190016 26
096190017 20
096190019 30
096190020 14
096190021 11
096240001 14
096240002 19
096240003 17
096240004 14
096240005 25
096240006 30
096240007 28
096240008 21
096240009 18
096240010 23
096240011 13
096240012 37
096240013 11
096240014 27
096240015 27
096240016 12
096240017 21
096240019 24
096240020 14
096240021 30
096250001 17
096250002 27
096250003 14
096250004 12
096250005 20
096250007 18
096250008 14
096250009 20
096250010 18
096250011 21
096250012 21
096250013 16
096250014 23
096250015 12
096250016 14
096250017 15
096250018 22
096250020 26
096250021 27
096250023 14
096280011 19
096280012 14
096280013 27
096280014 20
096280015 18
096280016 14
096280017 21
096280018 22
096280019 12
096280020 23
096280021 16
096280022 22
096280023 22
096280024 29
096280025 17
096280026 17
096280027 15
096280028 16
096280029 17
096280030 21
096300001 22
096300002 13
096300003 15
096300004 25
096300005 13
096300006 20
096300007 17
096300008 16
096300009 14
096300010 18
096300011 11
096300012 26
096300013 25
096300014 17
096300015 17
096300016 31
096300017 14
096300018 12
096300019 15
096300020 13
096340004 20
096340005 20
096340006 15
096340007 13
096340008 19
096340009 13
096340010 11
096340011 18
096340012 26
096340013 12
096340014 20
096340015 16
096340016 20
096340017 23
096340018 24
096340019 27
096340020 22
096340021 18
096340022 21
096340023 21
096390001 14
096390002 20
096390003 14
096390004 17
096390005 18
096390006 15
096390007 14
096390008 23
096390009 13
096390010 23
096390011 12
096390012 23
096390013 26
096390014 16
096390015 17
096390016 26
096390017 14
096390018 24
096390019 15
096390020 30
096430002 21
096430003 21
096430004 19
096430005 28
096430006 29
096430007 20
096430008 19
096430009 20
096430010 19
096430011 25
096430012 17
096430013 22
096430014 16
096430015 21
096430016 22
096430017 27
096430018 22
096430019 21
096430020 29
096430021 13
096450001 16
096450002 19
096450003 28
096450004 14
096450005 20
096450006 22
096450007 26
096450008 11
096450010 31
096450011 38
096450012 25
096450013 28
096450014 28
096450015 17
096450016 23
096450017 18
096450018 18
096450019 19
096450020 30
096450021 19
096460002 30
096460003 31
096460004 21
096460005 18
096460006 29
096460007 27
096460008 18
096460009 16
096460010 19
096460011 22
096460012 29
096460013 21
096460014 15
096460015 19
096460016 20
096460017 20
096460018 16
096460019 15
096460020 17
096460021 22
096490001 21
096490002 26
096490003 23
096490004 25
096490005 29
096490006 17
096490007 24
096490008 29
096490009 23
096490010 15
096490011 29
096490012 18
096490013 19
096490014 12
096490015 20
096490016 19
096490017 18
096490018 13
096490019 16
096490020 16
