000010011 1
000010035 1
000010053 1
000010063 1
000010069 1
000010075 1
000010089 1
000010095 1
000010106 1
000010113 1
000010115 1
000010121 1
000010122 1
000010133 1
000010135 1
000010140 1
000010145 1
000010149 1
000010168 1
000010173 1
000050003 1
000050010 1
000050024 1
000050028 1
000050038 1
000050040 1
000050047 1
000050049 1
000050055 1
000050078 1
000050079 1
000050083 1
000050095 1
000050099 1
000050100 1
000050114 1
000050118 1
000050122 1
000050174 1
000050175 1
000060015 1
000060020 1
000060029 1
000060031 1
000060049 1
000060056 1
000060077 1
000060081 1
000060082 1
000060083 1
000060094 1
000060102 1
000060106 1
000060111 1
000060113 1
000060116 1
000060124 1
000060130 1
000060136 1
000060153 1
000260001 1
000260011 1
000260015 1
000260032 1
000260033 1
000260039 1
000260048 1
000260050 1
000260052 1
000260069 1
000260075 1
000260091 1
000260095 1
000260096 1
000260112 1
000260115 1
000260121 1
000260126 1
000260133 1
000260166 1
000360013 1
000360034 1
000360036 1
000360132 1
000360133 1
000360161 1
000360190 1
000360210 1
000360223 1
000360241 1
000360264 1
000360283 1
000360313 1
000360314 1
000360332 1
000360334 1
000360339 1
000360343 1
000360360 1
000360378 1
000480010 1
000480014 1
000480015 1
000480016 1
000480019 1
000480023 1
000480033 1
000480045 1
000480068 1
000480081 1
000480089 1
000480090 1
000480108 1
000480119 1
000480125 1
000480134 1
000480136 1
000480151 1
000480158 1
000480159 1
000530003 1
000530006 1
000530019 1
000530027 1
000530030 1
000530037 1
000530054 1
000530055 1
000530060 1
000530063 1
000530076 1
000530077 1
000530094 1
000530109 1
000530112 1
000530115 1
000530145 1
000530154 1
000530163 1
000530174 1
000540001 1
000540004 1
000540014 1
000540018 1
000540031 1
000540054 1
000540055 1
000540058 1
000540062 1
000540072 1
000540077 1
000540088 1
000540106 1
000540111 1
000540117 1
000540123 1
000540127 1
000540130 1
000540156 1
000540163 1
000560016 1
000560017 1
000560026 1
000560030 1
000560033 1
000560038 1
000560058 1
000560068 1
000560074 1
000560075 1
000560084 1
000560086 1
000560088 1
000560116 1
000560117 1
000560134 1
000560154 1
000560159 1
000560162 1
000560172 1
000700008 1
000700010 1
000700012 1
000700015 1
000700019 1
000700034 1
000700037 1
000700046 1
000700048 1
000700053 1
000700063 1
000700065 1
000700082 1
000700109 1
000700120 1
000700123 1
000700130 1
000700151 1
000700156 1
000700174 1
000750005 1
000750015 1
000750020 1
000750024 1
000750026 1
000750029 1
000750045 1
000750068 1
000750080 1
000750082 1
000750085 1
000750091 1
000750101 1
000750106 1
000750108 1
000750123 1
000750128 1
000750134 1
000750140 1
000750149 1
001030008 1
001030013 1
001030032 1
001030048 1
001030053 1
001030054 1
001030060 1
001030061 1
001030065 1
001030077 1
001030078 1
001030090 1
001030099 1
001030102 1
001030103 1
001030121 1
001030136 1
001030143 1
001030144 1
001030155 1
001040022 1
001040026 1
001040038 1
001040050 1
001040062 1
001040067 1
001040069 1
001040071 1
001040073 1
001040100 1
001040104 1
001040106 1
001040108 1
001040115 1
001040120 1
001040122 1
001040134 1
001040136 1
001040149 1
001040173 1
001310020 1
001310022 1
001310023 1
001310061 1
001310062 1
001310076 1
001310078 1
001310081 1
001310096 1
001310122 1
001310123 1
001310129 1
001310144 1
001310148 1
001310152 1
001310154 1
001310155 1
001310162 1
001310165 1
001310168 1
001350002 1
001350091 1
001350119 1
001350124 1
001350134 1
001350163 1
001350174 1
001350180 1
001350194 1
001350216 1
001350219 1
001350243 1
001350285 1
001350312 1
001350317 1
001350318 1
001350343 1
001350350 1
001350356 1
001350375 1
001450037 1
001450043 1
001450049 1
001450051 1
001450063 1
001450070 1
001450083 1
001450090 1
001450094 1
001450098 1
001450109 1
001450116 1
001450140 1
001450142 1
001450146 1
001450159 1
001450170 1
001450171 1
001450172 1
001450173 1
004820005 1
004820015 1
004820041 1
004820045 1
004820055 1
004820114 1
004820119 1
004820144 1
004820201 1
004820214 1
004820220 1
004820239 1
004820258 1
004820265 1
004820268 1
004820329 1
004820353 1
004820370 1
004820371 1
004820378 1
005600015 1
005600060 1
005600065 1
005600129 1
005600145 1
005600146 1
005600153 1
005600154 1
005600180 1
005600199 1
005600205 1
005600212 1
005600214 1
005600268 1
005600294 1
005600296 1
005600298 1
005600318 1
005600365 1
005600370 1
005750059 1
005750067 1
005750089 1
005750099 1
005750150 1
005750168 1
005750178 1
005750179 1
005750237 1
005750249 1
005750268 1
005750270 1
005750290 1
005750297 1
005750298 1
005750300 1
005750303 1
005750321 1
005750330 1
005750347 1
005940019 1
005940025 1
005940141 1
005940142 1
005940164 1
005940174 1
005940193 1
005940195 1
005940234 1
005940237 1
005940238 1
005940252 1
005940263 1
005940267 1
005940271 1
005940283 1
005940304 1
005940318 1
005940373 1
005940380 1
007390013 1
007390019 1
007390062 1
007390070 1
007390072 1
007390092 1
007390119 1
007390120 1
007390139 1
007390160 1
007390195 1
007390197 1
007390208 1
007390211 1
007390220 1
007390228 1
007390238 1
007390281 1
007390294 1
007390355 1
008130061 1
008130081 1
008130091 1
008130100 1
008130153 1
008130196 1
008130222 1
008130233 1
008130257 1
008130271 1
008130281 1
008130282 1
008130283 1
008130288 1
008130301 1
008130339 1
008130340 1
008130346 1
008130356 1
008130380 1
009600062 1
009600113 1
009600118 1
009600120 1
009600127 1
009600129 1
009600133 1
009600140 1
009600186 1
009600190 1
009600205 1
009600215 1
009600262 1
009600267 1
009600270 1
009600287 1
009600335 1
009600337 1
009600338 1
009600343 1
010120008 1
010120059 1
010120071 1
010120128 1
010120148 1
010120166 1
010120180 1
010120193 1
010120200 1
010120208 1
010120212 1
010120219 1
010120243 1
010120255 1
010120265 1
010120269 1
010120303 1
010120334 1
010120335 1
010120374 1
010270117 1
010270124 1
010270131 1
010270140 1
010270170 1
010270198 1
010270226 1
010270238 1
010270265 1
010270268 1
010270294 1
010270301 1
010270306 1
010270314 1
010270349 1
010270354 1
010270356 1
010270366 1
010270368 1
010270377 1
010290003 1
010290066 1
010290094 1
010290096 1
010290123 1
010290152 1
010290179 1
010290189 1
010290229 1
010290236 1
010290252 1
010290260 1
010290276 1
010290287 1
010290294 1
010290320 1
010290330 1
010290341 1
010290361 1
010290362 1
010330026 1
010330033 1
010330035 1
010330052 1
010330053 1
010330085 1
010330103 1
010330129 1
010330139 1
010330147 1
010330197 1
010330206 1
010330235 1
010330241 1
010330257 1
010330268 1
010330277 1
010330325 1
010330345 1
010330346 1
010420022 1
010420023 1
010420025 1
010420034 1
010420040 1
010420047 1
010420059 1
010420060 1
010420064 1
010420102 1
010420105 1
010420107 1
010420129 1
010420133 1
010420134 1
010420143 1
010420151 1
010420157 1
010420167 1
010420175 1
010440006 1
010440008 1
010440012 1
010440017 1
010440038 1
010440039 1
010440053 1
010440064 1
010440077 1
010440093 1
010440099 1
010440106 1
010440107 1
010440117 1
010440119 1
010440120 1
010440127 1
010440149 1
010440150 1
010440154 1
010640005 1
010640017 1
010640028 1
010640034 1
010640036 1
010640056 1
010640082 1
010640098 1
010640166 1
010640210 1
010640212 1
010640242 1
010640250 1
010640277 1
010640280 1
010640284 1
010640286 1
010640297 1
010640314 1
010640366 1
010920012 1
010920024 1
010920025 1
010920030 1
010920032 1
010920033 1
010920043 1
010920044 1
010920065 1
010920070 1
010920075 1
010920101 1
010920105 1
010920125 1
010920126 1
010920138 1
010920141 1
010920153 1
010920159 1
010920165 1
011970004 1
011970006 1
011970019 1
011970023 1
011970036 1
011970042 1
011970075 1
011970081 1
011970087 1
011970088 1
011970092 1
011970095 1
011970107 1
011970132 1
011970141 1
011970142 1
011970145 1
011970165 1
011970173 1
011970175 1
012030007 1
012030010 1
012030013 1
012030024 1
012030027 1
012030031 1
012030032 1
012030036 1
012030043 1
012030044 1
012030053 1
012030055 1
012030058 1
012030072 1
012030078 1
012030083 1
012030093 1
012030097 1
012030116 1
012030138 1
012600017 1
012600072 1
012600082 1
012600129 1
012600131 1
012600177 1
012600186 1
012600210 1
012600219 1
012600224 1
012600251 1
012600252 1
012600263 1
012600281 1
012600295 1
012600330 1
012600338 1
012600345 1
012600357 1
012600368 1
013090018 1
013090027 1
013090041 1
013090051 1
013090076 1
013090105 1
013090128 1
013090147 1
013090148 1
013090160 1
013090179 1
013090181 1
013090184 1
013090185 1
013090202 1
013090232 1
013090267 1
013090287 1
013090339 1
013090364 1
013360001 1
013360002 1
013360016 1
013360082 1
013360123 1
013360130 1
013360140 1
013360145 1
013360146 1
013360161 1
013360162 1
013360171 1
013360226 1
013360234 1
013360235 1
013360257 1
013360263 1
013360268 1
013360360 1
013360363 1
013620027 1
013620030 1
013620106 1
013620108 1
013620128 1
013620137 1
013620140 1
013620143 1
013620146 1
013620162 1
013620175 1
013620184 1
013620185 1
013620210 1
013620241 1
013620257 1
013620258 1
013620292 1
013620361 1
013620366 1
013720023 1
013720051 1
013720070 1
013720082 1
013720140 1
013720152 1
013720153 1
013720167 1
013720182 1
013720189 1
013720198 1
013720199 1
013720201 1
013720215 1
013720233 1
013720256 1
013720274 1
013720275 1
013720311 1
013720360 1
014070040 1
014070080 1
014070092 1
014070101 1
014070159 1
014070207 1
014070217 1
014070239 1
014070248 1
014070265 1
014070270 1
014070281 1
014070297 1
014070304 1
014070308 1
014070336 1
014070341 1
014070343 1
014070349 1
014070358 1
014180002 1
014180008 1
014180011 1
014180013 1
014180044 1
014180051 1
014180063 1
014180077 1
014180084 1
014180088 1
014180100 1
014180131 1
014180139 1
014180143 1
014180150 1
014180155 1
014180158 1
014180160 1
014180165 1
014180166 1
014190006 1
014190025 1
014190027 1
014190030 1
014190055 1
014190059 1
014190060 1
014190062 1
014190064 1
014190071 1
014190073 1
014190081 1
014190088 1
014190095 1
014190098 1
014190107 1
014190108 1
014190114 1
014190128 1
014190172 1
014350004 1
014350012 1
014350016 1
014350017 1
014350018 1
014350020 1
014350022 1
014350028 1
014350085 1
014350094 1
014350103 1
014350110 1
014350127 1
014350133 1
014350146 1
014350153 1
014350157 1
014350158 1
014350163 1
014350165 1
014390008 1
014390009 1
014390045 1
014390051 1
014390052 1
014390057 1
014390064 1
014390068 1
014390076 1
014390086 1
014390090 1
014390117 1
014390124 1
014390133 1
014390134 1
014390135 1
014390143 1
014390154 1
014390156 1
014390163 1
014470007 1
014470017 1
014470026 1
014470028 1
014470031 1
014470038 1
014470039 1
014470048 1
014470053 1
014470060 1
014470063 1
014470072 1
014470084 1
014470100 1
014470109 1
014470124 1
014470140 1
014470141 1
014470149 1
014470150 1
020220021 1
020220023 1
020220033 1
020220048 1
020220056 1
020220060 1
020220072 1
020220091 1
020220120 1
020220122 1
020220139 1
020220141 1
020220176 1
020220200 1
020220221 1
020220232 1
020220259 1
020220264 1
020220295 1
020220366 1
020340016 1
020340019 1
020340029 1
020340043 1
020340055 1
020340056 1
020340063 1
020340065 1
020340071 1
020340096 1
020340098 1
020340109 1
020340113 1
020340124 1
020340140 1
020340144 1
020340156 1
020340162 1
020340166 1
020340169 1
020360017 1
020360019 1
020360036 1
020360055 1
020360089 1
020360097 1
020360100 1
020360131 1
020360136 1
020360143 1
020360202 1
020360211 1
020360220 1
020360228 1
020360245 1
020360299 1
020360301 1
020360302 1
020360312 1
020360329 1
020590022 1
020590026 1
020590047 1
020590077 1
020590103 1
020590121 1
020590122 1
020590123 1
020590144 1
020590151 1
020590164 1
020590181 1
020590228 1
020590265 1
020590274 1
020590276 1
020590290 1
020590322 1
020590359 1
020590376 1
020610010 1
020610014 1
020610061 1
020610090 1
020610122 1
020610134 1
020610166 1
020610168 1
020610174 1
020610175 1
020610194 1
020610201 1
020610206 1
020610207 1
020610291 1
020610302 1
020610316 1
020610328 1
020610341 1
020610343 1
020890003 1
020890037 1
020890112 1
020890134 1
020890156 1
020890165 1
020890206 1
020890207 1
020890215 1
020890219 1
020890259 1
020890260 1
020890267 1
020890274 1
020890306 1
020890313 1
020890326 1
020890340 1
020890346 1
020890371 1
021290009 1
021290011 1
021290068 1
021290121 1
021290134 1
021290144 1
021290148 1
021290160 1
021290169 1
021290173 1
021290200 1
021290209 1
021290235 1
021290261 1
021290282 1
021290291 1
021290319 1
021290324 1
021290326 1
021290371 1
021680007 1
021680016 1
021680048 1
021680052 1
021680122 1
021680154 1
021680169 1
021680190 1
021680237 1
021680246 1
021680249 1
021680251 1
021680266 1
021680288 1
021680297 1
021680318 1
021680332 1
021680369 1
021680379 1
021680380 1
021700029 1
021700034 1
021700062 1
021700077 1
021700120 1
021700131 1
021700139 1
021700153 1
021700176 1
021700211 1
021700224 1
021700232 1
021700236 1
021700240 1
021700277 1
021700287 1
021700291 1
021700300 1
021700362 1
021700379 1
021790008 1
021790025 1
021790030 1
021790035 1
021790039 1
021790040 1
021790043 1
021790055 1
021790075 1
021790081 1
021790083 1
021790084 1
021790108 1
021790112 1
021790125 1
021790149 1
021790152 1
021790168 1
021790169 1
021790173 1
022080028 1
022080038 1
022080085 1
022080100 1
022080116 1
022080124 1
022080146 1
022080179 1
022080181 1
022080186 1
022080187 1
022080189 1
022080192 1
022080202 1
022080204 1
022080210 1
022080294 1
022080299 1
022080340 1
022080341 1
022360092 1
022360126 1
022360147 1
022360159 1
022360185 1
022360186 1
022360221 1
022360222 1
022360227 1
022360231 1
022360253 1
022360259 1
022360262 1
022360265 1
022360293 1
022360310 1
022360311 1
022360321 1
022360326 1
022360350 1
022420015 1
022420045 1
022420067 1
022420073 1
022420086 1
022420106 1
022420129 1
022420138 1
022420146 1
022420164 1
022420168 1
022420172 1
022420273 1
022420288 1
022420292 1
022420306 1
022420342 1
022420346 1
022420348 1
022420362 1
022440038 1
022440039 1
022440062 1
022440073 1
022440126 1
022440134 1
022440139 1
022440144 1
022440165 1
022440180 1
022440189 1
022440215 1
022440277 1
022440286 1
022440312 1
022440337 1
022440340 1
022440352 1
022440361 1
022440362 1
022510066 1
022510069 1
022510089 1
022510093 1
022510095 1
022510122 1
022510152 1
022510166 1
022510190 1
022510211 1
022510230 1
022510237 1
022510255 1
022510266 1
022510276 1
022510291 1
022510300 1
022510320 1
022510323 1
022510368 1
022820020 1
022820021 1
022820026 1
022820042 1
022820062 1
022820072 1
022820079 1
022820106 1
022820107 1
022820121 1
022820134 1
022820142 1
022820155 1
022820191 1
022820197 1
022820281 1
022820291 1
022820293 1
022820317 1
022820357 1
023800015 1
023800042 1
023800056 1
023800093 1
023800114 1
023800124 1
023800160 1
023800186 1
023800242 1
023800260 1
023800277 1
023800278 1
023800280 1
023800298 1
023800326 1
023800330 1
023800338 1
023800352 1
023800363 1
023800368 1
024020047 1
024020051 1
024020053 1
024020069 1
024020084 1
024020142 1
024020158 1
024020175 1
024020176 1
024020205 1
024020233 1
024020238 1
024020253 1
024020256 1
024020260 1
024020265 1
024020291 1
024020321 1
024020328 1
024020337 1
024270011 1
024270019 1
024270028 1
024270051 1
024270053 1
024270057 1
024270077 1
024270127 1
024270155 1
024270168 1
024270176 1
024270178 1
024270183 1
024270197 1
024270206 1
024270245 1
024270270 1
024270292 1
024270313 1
024270336 1
024300001 1
024300052 1
024300061 1
024300063 1
024300065 1
024300068 1
024300080 1
024300082 1
024300093 1
024300099 1
024300118 1
024300131 1
024300132 1
024300135 1
024300189 1
024300221 1
024300270 1
024300330 1
024300345 1
024300360 1
024500006 1
024500021 1
024500033 1
024500095 1
024500126 1
024500139 1
024500141 1
024500147 1
024500151 1
024500156 1
024500164 1
024500228 1
024500250 1
024500268 1
024500284 1
024500317 1
024500327 1
024500333 1
024500350 1
024500363 1
026210005 1
026210047 1
026210096 1
026210123 1
026210132 1
026210135 1
026210136 1
026210141 1
026210157 1
026210177 1
026210185 1
026210203 1
026210213 1
026210220 1
026210231 1
026210242 1
026210262 1
026210287 1
026210299 1
026210302 1
027990028 1
027990046 1
027990056 1
027990059 1
027990066 1
027990153 1
027990156 1
027990160 1
027990162 1
027990167 1
027990201 1
027990232 1
027990242 1
027990247 1
027990264 1
027990309 1
027990328 1
027990330 1
027990341 1
027990358 1
029810020 1
029810027 1
029810135 1
029810139 1
029810147 1
029810158 1
029810200 1
029810204 1
029810216 1
029810221 1
029810234 1
029810235 1
029810243 1
029810283 1
029810294 1
029810301 1
029810315 1
029810349 1
029810350 1
029810360 1
030020008 1
030020012 1
030020022 1
030020047 1
030020048 1
030020065 1
030020077 1
030020092 1
030020100 1
030020112 1
030020117 1
030020126 1
030020136 1
030020138 1
030020144 1
030020152 1
030020159 1
030020161 1
030020162 1
030020172 1
030200005 1
030200011 1
030200016 1
030200018 1
030200019 1
030200021 1
030200037 1
030200041 1
030200049 1
030200057 1
030200076 1
030200078 1
030200087 1
030200101 1
030200105 1
030200108 1
030200137 1
030200151 1
030200153 1
030200164 1
030210005 1
030210032 1
030210041 1
030210042 1
030210044 1
030210045 1
030210047 1
030210050 1
030210060 1
030210074 1
030210079 1
030210082 1
030210118 1
030210123 1
030210137 1
030210143 1
030210152 1
030210164 1
030210165 1
030210175 1
030230003 1
030230018 1
030230056 1
030230060 1
030230086 1
030230092 1
030230119 1
030230170 1
030230182 1
030230194 1
030230209 1
030230253 1
030230260 1
030230276 1
030230280 1
030230311 1
030230330 1
030230336 1
030230340 1
030230374 1
030460032 1
030460038 1
030460048 1
030460051 1
030460052 1
030460071 1
030460085 1
030460097 1
030460106 1
030460110 1
030460114 1
030460126 1
030460133 1
030460142 1
030460146 1
030460147 1
030460157 1
030460158 1
030460160 1
030460163 1
030490010 1
030490013 1
030490029 1
030490040 1
030490055 1
030490062 1
030490063 1
030490071 1
030490076 1
030490078 1
030490095 1
030490126 1
030490127 1
030490130 1
030490138 1
030490140 1
030490142 1
030490166 1
030490168 1
030490170 1
030680003 1
030680005 1
030680009 1
030680016 1
030680027 1
030680034 1
030680037 1
030680045 1
030680054 1
030680056 1
030680072 1
030680075 1
030680090 1
030680092 1
030680097 1
030680105 1
030680114 1
030680119 1
030680140 1
030680162 1
030830001 1
030830004 1
030830013 1
030830021 1
030830030 1
030830033 1
030830043 1
030830069 1
030830074 1
030830093 1
030830094 1
030830102 1
030830116 1
030830118 1
030830124 1
030830129 1
030830135 1
030830147 1
030830154 1
030830169 1
030880003 1
030880015 1
030880018 1
030880019 1
030880025 1
030880041 1
030880049 1
030880057 1
030880058 1
030880067 1
030880086 1
030880092 1
030880096 1
030880099 1
030880105 1
030880123 1
030880131 1
030880146 1
030880172 1
030880173 1
032080019 1
032080038 1
032080043 1
032080056 1
032080058 1
032080071 1
032080078 1
032080079 1
032080083 1
032080088 1
032080092 1
032080093 1
032080099 1
032080103 1
032080110 1
032080119 1
032080132 1
032080145 1
032080150 1
032080161 1
034230011 1
034230034 1
034230035 1
034230043 1
034230051 1
034230058 1
034230063 1
034230072 1
034230079 1
034230081 1
034230083 1
034230085 1
034230108 1
034230112 1
034230115 1
034230123 1
034230141 1
034230154 1
034230164 1
034230168 1
036360016 1
036360027 1
036360029 1
036360032 1
036360033 1
036360034 1
036360044 1
036360055 1
036360061 1
036360062 1
036360071 1
036360106 1
036360111 1
036360114 1
036360142 1
036360151 1
036360154 1
036360160 1
036360167 1
036360174 1
038370004 1
038370013 1
038370019 1
038370045 1
038370052 1
038370056 1
038370060 1
038370061 1
038370068 1
038370070 1
038370081 1
038370097 1
038370105 1
038370107 1
038370128 1
038370142 1
038370153 1
038370160 1
038370167 1
038370170 1
040050015 1
040050041 1
040050060 1
040050071 1
040050094 1
040050107 1
040050110 1
040050125 1
040050142 1
040050180 1
040050183 1
040050203 1
040050205 1
040050255 1
040050264 1
040050271 1
040050281 1
040050295 1
040050306 1
040050358 1
051950005 1
051950011 1
051950018 1
051950025 1
051950032 1
051950033 1
051950038 1
051950044 1
051950050 1
051950051 1
051950067 1
051950075 1
051950086 1
051950088 1
051950096 1
051950138 1
051950154 1
051950163 1
051950164 1
051950170 1
052180017 1
052180027 1
052180028 1
052180037 1
052180041 1
052180042 1
052180046 1
052180068 1
052180084 1
052180090 1
052180093 1
052180098 1
052180104 1
052180112 1
052180117 1
052180124 1
052180137 1
052180143 1
052180146 1
052180160 1
054010004 1
054010009 1
054010014 1
054010032 1
054010046 1
054010051 1
054010055 1
054010061 1
054010072 1
054010079 1
054010091 1
054010095 1
054010105 1
054010107 1
054010123 1
054010130 1
054010136 1
054010148 1
054010155 1
054010165 1
054080004 1
054080008 1
054080011 1
054080019 1
054080021 1
054080033 1
054080035 1
054080042 1
054080065 1
054080081 1
054080109 1
054080123 1
054080138 1
054080150 1
054080151 1
054080154 1
054080163 1
054080165 1
054080167 1
054080174 1
054140003 1
054140010 1
054140015 1
054140019 1
054140021 1
054140039 1
054140051 1
054140057 1
054140077 1
054140098 1
054140104 1
054140106 1
054140113 1
054140115 1
054140118 1
054140119 1
054140122 1
054140127 1
054140154 1
054140158 1
054180014 1
054180015 1
054180021 1
054180022 1
054180029 1
054180033 1
054180059 1
054180063 1
054180075 1
054180076 1
054180077 1
054180079 1
054180087 1
054180091 1
054180096 1
054180111 1
054180123 1
054180126 1
054180130 1
054180174 1
054240002 1
054240025 1
054240038 1
054240039 1
054240048 1
054240053 1
054240079 1
054240091 1
054240093 1
054240094 1
054240097 1
054240099 1
054240109 1
054240115 1
054240116 1
054240117 1
054240125 1
054240126 1
054240138 1
054240152 1
055510024 1
055510029 1
055510046 1
055510061 1
055510067 1
055510070 1
055510078 1
055510079 1
055510084 1
055510088 1
055510093 1
055510096 1
055510100 1
055510110 1
055510122 1
055510130 1
055510143 1
055510156 1
055510164 1
055510165 1
060100004 1
060100009 1
060100031 1
060100034 1
060100037 1
060100041 1
060100047 1
060100066 1
060100081 1
060100092 1
060100100 1
060100101 1
060100105 1
060100124 1
060100128 1
060100132 1
060100147 1
060100154 1
060100159 1
060100164 1
060480005 1
060480008 1
060480012 1
060480018 1
060480037 1
060480050 1
060480082 1
060480084 1
060480090 1
060480094 1
060480102 1
060480104 1
060480131 1
060480134 1
060480135 1
060480145 1
060480147 1
060480148 1
060480168 1
060480169 1
061210013 1
061210031 1
061210059 1
061210060 1
061210063 1
061210068 1
061210069 1
061210071 1
061210075 1
061210086 1
061210095 1
061210109 1
061210128 1
061210129 1
061210140 1
061210141 1
061210142 1
061210147 1
061210148 1
061210174 1
064010049 1
064010056 1
064010057 1
064010066 1
064010067 1
064010086 1
064010092 1
064010093 1
064010103 1
064010107 1
064010109 1
064010120 1
064010123 1
064010135 1
064010141 1
064010150 1
064010161 1
064010164 1
064010172 1
064010173 1
065040005 1
065040007 1
065040009 1
065040011 1
065040028 1
065040042 1
065040044 1
065040045 1
065040049 1
065040077 1
065040112 1
065040118 1
065040124 1
065040125 1
065040126 1
065040127 1
065040133 1
065040134 1
065040137 1
065040160 1
069120003 1
069120014 1
069120020 1
069120025 1
069120052 1
069120059 1
069120061 1
069120072 1
069120083 1
069120087 1
069120092 1
069120093 1
069120094 1
069120106 1
069120121 1
069120123 1
069120140 1
069120151 1
069120165 1
069120170 1
070010001 1
070010002 1
070010003 1
070010004 1
070010005 1
070010006 1
070010007 1
070010008 1
070010009 1
070010010 1
070010011 1
070010012 1
070010013 1
070010014 1
070010015 1
070010016 1
070010017 1
070010018 1
070010019 1
070010020 1
075510004 1
075510010 1
075510017 1
075510036 1
075510038 1
075510041 1
075510057 1
075510076 1
075510086 1
075510090 1
075510091 1
075510099 1
075510129 1
075510131 1
075510137 1
075510142 1
075510144 1
075510163 1
075510165 1
075510167 1
080020001 1
080020002 1
080020003 1
080020004 1
080020005 1
080020006 1
080020007 1
080020008 1
080020009 1
080020010 1
080020011 1
080020012 1
080020013 1
080020014 1
080020015 1
080020016 1
080020017 1
080020018 1
080020019 1
080020020 1
080570004 1
080570009 1
080570013 1
080570014 1
080570031 1
080570053 1
080570067 1
080570071 1
080570072 1
080570080 1
080570081 1
080570087 1
080570089 1
080570102 1
080570127 1
080570138 1
080570143 1
080570144 1
080570146 1
080570157 1
085850006 1
085850024 1
085850039 1
085850042 1
085850044 1
085850046 1
085850056 1
085850075 1
085850088 1
085850092 1
085850094 1
085850101 1
085850108 1
085850112 1
085850119 1
085850120 1
085850138 1
085850146 1
085850161 1
085850170 1
090340002 1
090340007 1
090340021 1
090340032 1
090340039 1
090340041 1
090340043 1
090340054 1
090340071 1
090340085 1
090340088 1
090340090 1
090340108 1
090340114 1
090340126 1
090340131 1
090340155 1
090340158 1
090340164 1
090340168 1
090700006 1
090700008 1
090700019 1
090700042 1
090700045 1
090700047 1
090700054 1
090700055 1
090700057 1
090700059 1
090700065 1
090700081 1
090700082 1
090700108 1
090700111 1
090700117 1
090700127 1
090700148 1
090700164 1
090700172 1
095560005 1
095560008 1
095560010 1
095560017 1
095560031 1
095560037 1
095560051 1
095560054 1
095560069 1
095560080 1
095560083 1
095560108 1
095560115 1
095560129 1
095560133 1
095560150 1
095560153 1
095560163 1
095560164 1
095560170 1
096000002 1
096000003 1
096000004 1
096000005 1
096000006 1
096000007 1
096000008 1
096000009 1
096000010 1
096000011 1
096000012 1
096000013 1
096000014 1
096000015 1
096000016 1
096000017 1
096000018 1
096000020 1
096000021 1
096000022 1
096040001 1
096040002 1
096040004 1
096040005 1
096040006 1
096040007 1
096040008 1
096040009 1
096040010 1
096040011 1
096040012 1
096040014 1
096040015 1
096040016 1
096040018 1
096040019 1
096040021 1
096040023 1
096040024 1
096040025 1
096060001 1
096060002 1
096060003 1
096060004 1
096060005 1
096060006 1
096060007 1
096060008 1
096060009 1
096060010 1
096060011 1
096060012 1
096060013 1
096060014 1
096060015 1
096060016 1
096060017 1
096060019 1
096060020 1
096060022 1
096070002 1
096070003 1
096070005 1
096070006 1
096070007 1
096070008 1
096070011 1
096070012 1
096070013 1
096070014 1
096070015 1
096070016 1
096070017 1
096070018 1
096070019 1
096070020 1
096070021 1
096070022 1
096070023 1
096070024 1
096090001 1
096090003 1
096090005 1
096090006 1
096090007 1
096090008 1
096090010 1
096090011 1
096090014 1
096090015 1
096090017 1
096090018 1
096090019 1
096090020 1
096090021 1
096090023 1
096090024 1
096090025 1
096090026 1
096090027 1
096110001 1
096110002 1
096110003 1
096110004 1
096110005 1
096110006 1
096110008 1
096110009 1
096110011 1
096110012 1
096110013 1
096110014 1
096110015 1
096110016 1
096110017 1
096110018 1
096110019 1
096110021 1
096110022 1
096110023 1
096130001 1
096130002 1
096130003 1
096130004 1
096130005 1
096130006 1
096130007 1
096130008 1
096130009 1
096130010 1
096130011 1
096130012 1
096130013 1
096130014 1
096130016 1
096130017 1
096130018 1
096130019 1
096130020 1
096130021 1
096140002 1
096140003 1
096140004 1
096140005 1
096140006 1
096140007 1
096140008 1
096140009 1
096140010 1
096140011 1
096140012 1
096140014 1
096140015 1
096140016 1
096140017 1
096140018 1
096140019 1
096140020 1
096140021 1
096140022 1
096150003 1
096150005 1
096150006 1
096150007 1
096150009 1
096150010 1
096150011 1
096150012 1
096150013 1
096150016 1
096150017 1
096150018 1
096150019 1
096150020 1
096150021 1
096150024 1
096150025 1
096150026 1
096150027 1
096150028 1
096160001 1
096160002 1
096160003 1
096160004 1
096160005 1
096160006 1
096160007 1
096160008 1
096160009 1
096160010 1
096160011 1
096160012 1
096160013 1
096160014 1
096160015 1
096160016 1
096160017 1
096160018 1
096160019 1
096160020 1
096190001 1
096190002 1
096190003 1
096190004 1
096190005 1
096190006 1
096190007 1
096190008 1
096190009 1
096190010 1
096190011 1
096190012 1
096190013 1
096190014 1
096190015 1
096190016 1
096190017 1
096190019 1
096190020 1
096190021 1
096240001 1
096240002 1
096240003 1
096240004 1
096240005 1
096240006 1
096240007 1
096240008 1
096240009 1
096240010 1
096240011 1
096240012 1
096240013 1
096240014 1
096240015 1
096240016 1
096240017 1
096240019 1
096240020 1
096240021 1
096250001 1
096250002 1
096250003 1
096250004 1
096250005 1
096250007 1
096250008 1
096250009 1
096250010 1
096250011 1
096250012 1
096250013 1
096250014 1
096250015 1
096250016 1
096250017 1
096250018 1
096250020 1
096250021 1
096250023 1
096280011 1
096280012 1
096280013 1
096280014 1
096280015 1
096280016 1
096280017 1
096280018 1
096280019 1
096280020 1
096280021 1
096280022 1
096280023 1
096280024 1
096280025 1
096280026 1
096280027 1
096280028 1
096280029 1
096280030 1
096300001 1
096300002 1
096300003 1
096300004 1
096300005 1
096300006 1
096300007 1
096300008 1
096300009 1
096300010 1
096300011 1
096300012 1
096300013 1
096300014 1
096300015 1
096300016 1
096300017 1
096300018 1
096300019 1
096300020 1
096340004 1
096340005 1
096340006 1
096340007 1
096340008 1
096340009 1
096340010 1
096340011 1
096340012 1
096340013 1
096340014 1
096340015 1
096340016 1
096340017 1
096340018 1
096340019 1
096340020 1
096340021 1
096340022 1
096340023 1
096390001 1
096390002 1
096390003 1
096390004 1
096390005 1
096390006 1
096390007 1
096390008 1
096390009 1
096390010 1
096390011 1
096390012 1
096390013 1
096390014 1
096390015 1
096390016 1
096390017 1
096390018 1
096390019 1
096390020 1
096430002 1
096430003 1
096430004 1
096430005 1
096430006 1
096430007 1
096430008 1
096430009 1
096430010 1
096430011 1
096430012 1
096430013 1
096430014 1
096430015 1
096430016 1
096430017 1
096430018 1
096430019 1
096430020 1
096430021 1
096450001 1
096450002 1
096450003 1
096450004 1
096450005 1
096450006 1
096450007 1
096450008 1
096450010 1
096450011 1
096450012 1
096450013 1
096450014 1
096450015 1
096450016 1
096450017 1
096450018 1
096450019 1
096450020 1
096450021 1
096460002 1
096460003 1
096460004 1
096460005 1
096460006 1
096460007 1
096460008 1
096460009 1
096460010 1
096460011 1
096460012 1
096460013 1
096460014 1
096460015 1
096460016 1
096460017 1
096460018 1
096460019 1
096460020 1
096460021 1
096490001 1
096490002 1
096490003 1
096490004 1
096490005 1
096490006 1
096490007 1
096490008 1
096490009 1
096490010 1
096490011 1
096490012 1
096490013 1
096490014 1
096490015 1
096490016 1
096490017 1
096490018 1
096490019 1
096490020 1
