000010011 4
000010035 4
000010053 4
000010063 3
000010069 4
000010075 3
000010089 5
000010095 4
000010106 4
000010113 6
000010115 5
000010121 5
000010122 6
000010133 4
000010135 3
000010140 5
000010145 5
000010149 5
000010168 1
000010173 1
000050003 5
000050010 4
000050024 3
000050028 4
000050038 4
000050040 4
000050047 3
000050049 3
000050055 3
000050078 5
000050079 5
000050083 4
000050095 4
000050099 5
000050100 5
000050114 5
000050118 5
000050122 6
000050174 3
000050175 2
000060015 6
000060020 5
000060029 4
000060031 4
000060049 3
000060056 3
000060077 5
000060081 5
000060082 3
000060083 4
000060094 5
000060102 4
000060106 6
000060111 5
000060113 5
000060116 7
000060124 6
000060130 3
000060136 4
000060153 4
000260001 3
000260011 5
000260015 6
000260032 4
000260033 4
000260039 4
000260048 4
000260050 4
000260052 4
000260069 4
000260075 3
000260091 5
000260095 5
000260096 5
000260112 6
000260115 6
000260121 5
000260126 5
000260133 4
000260166 4
000360013 6
000360034 10
000360036 6
000360132 8
000360133 7
000360161 5
000360190 7
000360210 7
000360223 9
000360241 7
000360264 9
000360283 5
000360313 6
000360314 5
000360332 7
000360334 7
000360339 8
000360343 8
000360360 9
000360378 5
000480010 3
000480014 5
000480015 6
000480016 5
000480019 5
000480023 4
000480033 4
000480045 4
000480068 3
000480081 5
000480089 5
000480090 3
000480108 5
000480119 7
000480125 7
000480134 4
000480136 5
000480151 4
000480158 5
000480159 5
000530003 5
000530006 6
000530019 5
000530027 3
000530030 4
000530037 4
000530054 3
000530055 3
000530060 4
000530063 3
000530076 5
000530077 5
000530094 5
000530109 5
000530112 5
000530115 6
000530145 7
000530154 5
000530163 5
000530174 4
000540001 3
000540004 3
000540014 5
000540018 6
000540031 4
000540054 4
000540055 3
000540058 5
000540062 3
000540072 5
000540077 5
000540088 4
000540106 6
000540111 5
000540117 5
000540123 6
000540127 5
000540130 3
000540156 4
000540163 5
000560016 6
000560017 6
000560026 4
000560030 4
000560033 4
000560038 3
000560058 4
000560068 3
000560074 4
000560075 5
000560084 4
000560086 5
000560088 3
000560116 7
000560117 8
000560134 5
000560154 5
000560159 3
000560162 5
000560172 4
000700008 5
000700010 3
000700012 4
000700015 6
000700019 5
000700034 4
000700037 4
000700046 4
000700048 4
000700053 4
000700063 3
000700065 3
000700082 3
000700109 5
000700120 5
000700123 5
000700130 4
000700151 4
000700156 2
000700174 3
000750005 3
000750015 6
000750020 5
000750024 3
000750026 4
000750029 4
000750045 4
000750068 3
000750080 5
000750082 3
000750085 4
000750091 5
000750101 4
000750106 5
000750108 4
000750123 5
000750128 4
000750134 3
000750140 4
000750149 6
001030008 5
001030013 5
001030032 4
001030048 3
001030053 3
001030054 3
001030060 5
001030061 3
001030065 3
001030077 6
001030078 5
001030090 3
001030099 5
001030102 5
001030103 5
001030121 5
001030136 6
001030143 6
001030144 6
001030155 4
001040022 4
001040026 4
001040038 4
001040050 4
001040062 3
001040067 5
001040069 4
001040071 3
001040073 4
001040100 5
001040104 4
001040106 5
001040108 5
001040115 5
001040120 5
001040122 6
001040134 4
001040136 6
001040149 9
001040173 4
001310020 3
001310022 3
001310023 4
001310061 5
001310062 3
001310076 6
001310078 5
001310081 4
001310096 7
001310122 6
001310123 7
001310129 5
001310144 2
001310148 1
001310152 5
001310154 5
001310155 2
001310162 2
001310165 5
001310168 3
001350002 6
001350091 9
001350119 7
001350124 10
001350134 5
001350163 6
001350174 7
001350180 10
001350194 10
001350216 6
001350219 8
001350243 6
001350285 6
001350312 7
001350317 6
001350318 8
001350343 7
001350350 5
001350356 6
001350375 7
001450037 4
001450043 4
001450049 6
001450051 4
001450063 3
001450070 4
001450083 5
001450090 7
001450094 6
001450098 7
001450109 3
001450116 7
001450140 3
001450142 1
001450146 4
001450159 5
001450170 4
001450171 5
001450172 4
001450173 1
004820005 8
004820015 9
004820041 9
004820045 5
004820055 5
004820114 10
004820119 6
004820144 6
004820201 9
004820214 5
004820220 5
004820239 5
004820258 5
004820265 10
004820268 7
004820329 6
004820353 8
004820370 7
004820371 8
004820378 8
005600015 8
005600060 5
005600065 8
005600129 10
005600145 5
005600146 5
005600153 4
005600154 10
005600180 5
005600199 5
005600205 9
005600212 7
005600214 5
005600268 7
005600294 5
005600296 7
005600298 5
005600318 10
005600365 6
005600370 7
005750059 9
005750067 5
005750089 10
005750099 9
005750150 9
005750168 6
005750178 5
005750179 6
005750237 6
005750249 7
005750268 7
005750270 9
005750290 5
005750297 8
005750298 5
005750300 5
005750303 5
005750321 5
005750330 9
005750347 8
005940019 9
005940025 7
005940141 7
005940142 6
005940164 8
005940174 10
005940193 8
005940195 5
005940234 6
005940237 8
005940238 6
005940252 6
005940263 9
005940267 6
005940271 7
005940283 6
005940304 7
005940318 10
005940373 8
005940380 10
007390013 5
007390019 7
007390062 8
007390070 10
007390072 5
007390092 6
007390119 7
007390120 6
007390139 8
007390160 8
007390195 9
007390197 7
007390208 8
007390211 5
007390220 8
007390228 6
007390238 7
007390281 5
007390294 5
007390355 9
008130061 8
008130081 10
008130091 9
008130100 9
008130153 5
008130196 6
008130222 6
008130233 7
008130257 5
008130271 7
008130281 5
008130282 10
008130283 8
008130288 9
008130301 6
008130339 7
008130340 9
008130346 5
008130356 6
008130380 9
009600062 6
009600113 10
009600118 9
009600120 5
009600127 8
009600129 6
009600133 9
009600140 6
009600186 6
009600190 9
009600205 7
009600215 5
009600262 5
009600267 8
009600270 6
009600287 7
009600335 10
009600337 5
009600338 7
009600343 6
010120008 5
010120059 10
010120071 9
010120128 5
010120148 9
010120166 8
010120180 5
010120193 5
010120200 7
010120208 8
010120212 8
010120219 7
010120243 10
010120255 8
010120265 5
010120269 7
010120303 9
010120334 8
010120335 9
010120374 5
010270117 5
010270124 7
010270131 6
010270140 9
010270170 6
010270198 9
010270226 6
010270238 6
010270265 6
010270268 10
010270294 6
010270301 7
010270306 10
010270314 6
010270349 7
010270354 5
010270356 9
010270366 10
010270368 8
010270377 10
010290003 6
010290066 9
010290094 5
010290096 8
010290123 8
010290152 9
010290179 6
010290189 6
010290229 6
010290236 8
010290252 10
010290260 5
010290276 6
010290287 7
010290294 6
010290320 9
010290330 8
010290341 9
010290361 8
010290362 7
010330026 9
010330033 5
010330035 8
010330052 6
010330053 9
010330085 7
010330103 7
010330129 10
010330139 10
010330147 6
010330197 9
010330206 9
010330235 6
010330241 6
010330257 9
010330268 7
010330277 10
010330325 8
010330345 6
010330346 9
010420022 4
010420023 4
010420025 4
010420034 4
010420040 4
010420047 3
010420059 4
010420060 4
010420064 4
010420102 5
010420105 5
010420107 6
010420129 4
010420133 4
010420134 4
010420143 6
010420151 4
010420157 4
010420167 6
010420175 5
010440006 6
010440008 5
010440012 6
010440017 5
010440038 4
010440039 4
010440053 7
010440064 5
010440077 4
010440093 4
010440099 4
010440106 6
010440107 6
010440117 5
010440119 5
010440120 3
010440127 4
010440149 5
010440150 5
010440154 4
010640005 10
010640017 10
010640028 9
010640034 7
010640036 10
010640056 9
010640082 6
010640098 5
010640166 8
010640210 8
010640212 6
010640242 5
010640250 7
010640277 6
010640280 10
010640284 5
010640286 7
010640297 9
010640314 6
010640366 10
010920012 5
010920024 4
010920025 6
010920030 4
010920032 4
010920033 4
010920043 4
010920044 4
010920065 4
010920070 4
010920075 5
010920101 5
010920105 5
010920125 7
010920126 7
010920138 5
010920141 6
010920153 4
010920159 7
010920165 4
011970004 5
011970006 7
011970019 5
011970023 6
011970036 3
011970042 4
011970075 4
011970081 4
011970087 4
011970088 4
011970092 4
011970095 5
011970107 6
011970132 5
011970141 5
011970142 6
011970145 7
011970165 5
011970173 3
011970175 8
012030007 5
012030010 6
012030013 5
012030024 3
012030027 6
012030031 4
012030032 4
012030036 4
012030043 4
012030044 4
012030053 6
012030055 6
012030058 5
012030072 4
012030078 3
012030083 5
012030093 4
012030097 5
012030116 6
012030138 4
012600017 8
012600072 6
012600082 8
012600129 8
012600131 7
012600177 6
012600186 6
012600210 10
012600219 5
012600224 5
012600251 5
012600252 5
012600263 7
012600281 7
012600295 5
012600330 5
012600338 5
012600345 8
012600357 6
012600368 6
013090018 7
013090027 6
013090041 7
013090051 8
013090076 6
013090105 5
013090128 8
013090147 10
013090148 6
013090160 7
013090179 10
013090181 6
013090184 5
013090185 6
013090202 5
013090232 6
013090267 10
013090287 5
013090339 7
013090364 10
013360001 10
013360002 6
013360016 6
013360082 10
013360123 5
013360130 8
013360140 5
013360145 6
013360146 6
013360161 9
013360162 6
013360171 8
013360226 7
013360234 9
013360235 5
013360257 5
013360263 5
013360268 5
013360360 7
013360363 5
013620027 5
013620030 10
013620106 7
013620108 8
013620128 5
013620137 8
013620140 8
013620143 7
013620146 5
013620162 5
013620175 7
013620184 5
013620185 10
013620210 8
013620241 5
013620257 5
013620258 5
013620292 6
013620361 5
013620366 5
013720023 5
013720051 9
013720070 7
013720082 8
013720140 8
013720152 8
013720153 6
013720167 6
013720182 7
013720189 10
013720198 7
013720199 7
013720201 6
013720215 5
013720233 5
013720256 7
013720274 9
013720275 7
013720311 6
013720360 9
014070040 10
014070080 5
014070092 7
014070101 8
014070159 6
014070207 6
014070217 5
014070239 5
014070248 6
014070265 7
014070270 5
014070281 8
014070297 9
014070304 8
014070308 8
014070336 7
014070341 10
014070343 7
014070349 10
014070358 7
014180002 7
014180008 5
014180011 5
014180013 5
014180044 4
014180051 4
014180063 3
014180077 4
014180084 5
014180088 4
014180100 6
014180131 5
014180139 8
014180143 8
014180150 6
014180155 4
014180158 4
014180160 4
014180165 5
014180166 5
014190006 5
014190025 6
014190027 4
014190030 4
014190055 5
014190059 5
014190060 3
014190062 3
014190064 4
014190071 3
014190073 4
014190081 4
014190088 5
014190095 4
014190098 5
014190107 7
014190108 6
014190114 5
014190128 3
014190172 4
014350004 6
014350012 6
014350016 6
014350017 6
014350018 6
014350020 6
014350022 4
014350028 4
014350085 5
014350094 6
014350103 5
014350110 6
014350127 4
014350133 4
014350146 7
014350153 4
014350157 4
014350158 5
014350163 4
014350165 6
014390008 6
014390009 6
014390045 4
014390051 7
014390052 7
014390057 4
014390064 5
014390068 5
014390076 5
014390086 5
014390090 5
014390117 7
014390124 4
014390133 6
014390134 6
014390135 7
014390143 6
014390154 5
014390156 6
014390163 5
014470007 6
014470017 5
014470026 3
014470028 4
014470031 3
014470038 4
014470039 4
014470048 3
014470053 3
014470060 3
014470063 5
014470072 4
014470084 5
014470100 5
014470109 6
014470124 5
014470140 9
014470141 7
014470149 4
014470150 4
020220021 8
020220023 10
020220033 8
020220048 5
020220056 7
020220060 5
020220072 8
020220091 7
020220120 6
020220122 6
020220139 6
020220141 5
020220176 6
020220200 7
020220221 5
020220232 5
020220259 7
020220264 9
020220295 7
020220366 6
020340016 6
020340019 6
020340029 4
020340043 4
020340055 4
020340056 6
020340063 4
020340065 4
020340071 4
020340096 6
020340098 6
020340109 7
020340113 9
020340124 5
020340140 4
020340144 9
020340156 7
020340162 5
020340166 4
020340169 6
020360017 6
020360019 6
020360036 7
020360055 9
020360089 9
020360097 7
020360100 7
020360131 10
020360136 5
020360143 5
020360202 7
020360211 6
020360220 6
020360228 5
020360245 6
020360299 9
020360301 5
020360302 8
020360312 10
020360329 6
020590022 5
020590026 10
020590047 5
020590077 10
020590103 5
020590121 6
020590122 5
020590123 6
020590144 8
020590151 5
020590164 5
020590181 6
020590228 8
020590265 7
020590274 8
020590276 9
020590290 5
020590322 8
020590359 5
020590376 7
020610010 5
020610014 5
020610061 8
020610090 6
020610122 7
020610134 5
020610166 5
020610168 7
020610174 6
020610175 6
020610194 6
020610201 5
020610206 5
020610207 6
020610291 5
020610302 6
020610316 7
020610328 5
020610341 9
020610343 9
020890003 9
020890037 5
020890112 6
020890134 6
020890156 5
020890165 8
020890206 7
020890207 6
020890215 7
020890219 5
020890259 7
020890260 5
020890267 6
020890274 9
020890306 8
020890313 7
020890326 9
020890340 9
020890346 7
020890371 5
021290009 7
021290011 6
021290068 8
021290121 6
021290134 6
021290144 8
021290148 7
021290160 5
021290169 6
021290173 6
021290200 7
021290209 8
021290235 8
021290261 6
021290282 8
021290291 8
021290319 8
021290324 5
021290326 6
021290371 6
021680007 6
021680016 7
021680048 9
021680052 8
021680122 8
021680154 5
021680169 6
021680190 10
021680237 8
021680246 5
021680249 7
021680251 5
021680266 6
021680288 10
021680297 7
021680318 8
021680332 5
021680369 6
021680379 8
021680380 10
021700029 7
021700034 6
021700062 9
021700077 4
021700120 9
021700131 5
021700139 6
021700153 10
021700176 5
021700211 7
021700224 7
021700232 8
021700236 10
021700240 9
021700277 8
021700287 7
021700291 5
021700300 9
021700362 5
021700379 5
021790008 5
021790025 5
021790030 4
021790035 4
021790039 4
021790040 4
021790043 3
021790055 5
021790075 4
021790081 6
021790083 5
021790084 6
021790108 6
021790112 4
021790125 7
021790149 4
021790152 6
021790168 6
021790169 6
021790173 6
022080028 6
022080038 7
022080085 6
022080100 7
022080116 7
022080124 9
022080146 7
022080179 10
022080181 7
022080186 6
022080187 6
022080189 5
022080192 7
022080202 5
022080204 5
022080210 10
022080294 5
022080299 8
022080340 8
022080341 6
022360092 7
022360126 8
022360147 5
022360159 6
022360185 5
022360186 5
022360221 6
022360222 5
022360227 5
022360231 5
022360253 8
022360259 5
022360262 5
022360265 8
022360293 6
022360310 9
022360311 6
022360321 10
022360326 6
022360350 7
022420015 5
022420045 6
022420067 6
022420073 8
022420086 7
022420106 5
022420129 5
022420138 5
022420146 5
022420164 6
022420168 8
022420172 5
022420273 8
022420288 7
022420292 6
022420306 7
022420342 5
022420346 8
022420348 9
022420362 8
022440038 7
022440039 10
022440062 9
022440073 8
022440126 5
022440134 7
022440139 5
022440144 5
022440165 7
022440180 8
022440189 10
022440215 6
022440277 6
022440286 10
022440312 6
022440337 6
022440340 6
022440352 6
022440361 8
022440362 7
022510066 7
022510069 6
022510089 7
022510093 8
022510095 7
022510122 6
022510152 9
022510166 6
022510190 9
022510211 6
022510230 9
022510237 9
022510255 5
022510266 5
022510276 6
022510291 6
022510300 5
022510320 6
022510323 5
022510368 7
022820020 10
022820021 7
022820026 6
022820042 10
022820062 9
022820072 9
022820079 9
022820106 7
022820107 6
022820121 5
022820134 5
022820142 5
022820155 7
022820191 6
022820197 6
022820281 5
022820291 6
022820293 6
022820317 6
022820357 5
023800015 8
023800042 8
023800056 5
023800093 9
023800114 10
023800124 9
023800160 5
023800186 6
023800242 6
023800260 7
023800277 6
023800278 8
023800280 7
023800298 8
023800326 8
023800330 9
023800338 8
023800352 7
023800363 6
023800368 5
024020047 7
024020051 9
024020053 6
024020069 9
024020084 6
024020142 9
024020158 8
024020175 5
024020176 8
024020205 6
024020233 8
024020238 8
024020253 7
024020256 5
024020260 6
024020265 5
024020291 7
024020321 5
024020328 10
024020337 10
024270011 9
024270019 6
024270028 8
024270051 7
024270053 6
024270057 7
024270077 5
024270127 5
024270155 7
024270168 6
024270176 6
024270178 6
024270183 7
024270197 7
024270206 5
024270245 8
024270270 8
024270292 7
024270313 5
024270336 5
024300001 9
024300052 9
024300061 5
024300063 7
024300065 8
024300068 9
024300080 4
024300082 9
024300093 9
024300099 6
024300118 7
024300131 7
024300132 5
024300135 9
024300189 6
024300221 5
024300270 6
024300330 6
024300345 9
024300360 6
024500006 6
024500021 10
024500033 5
024500095 9
024500126 5
024500139 6
024500141 7
024500147 7
024500151 5
024500156 6
024500164 6
024500228 9
024500250 8
024500268 10
024500284 9
024500317 7
024500327 6
024500333 5
024500350 5
024500363 7
026210005 7
026210047 10
026210096 6
026210123 8
026210132 7
026210135 5
026210136 6
026210141 6
026210157 8
026210177 7
026210185 5
026210203 7
026210213 6
026210220 9
026210231 5
026210242 7
026210262 6
026210287 8
026210299 9
026210302 5
027990028 8
027990046 5
027990056 8
027990059 6
027990066 7
027990153 5
027990156 9
027990160 8
027990162 9
027990167 6
027990201 8
027990232 8
027990242 5
027990247 7
027990264 8
027990309 5
027990328 8
027990330 6
027990341 7
027990358 9
029810020 6
029810027 10
029810135 7
029810139 5
029810147 5
029810158 6
029810200 5
029810204 5
029810216 6
029810221 6
029810234 6
029810235 8
029810243 8
029810283 5
029810294 6
029810301 6
029810315 6
029810349 8
029810350 9
029810360 5
030020008 6
030020012 6
030020022 4
030020047 5
030020048 7
030020065 4
030020077 4
030020092 6
030020100 8
030020112 4
030020117 4
030020126 7
030020136 5
030020138 4
030020144 5
030020152 5
030020159 6
030020161 5
030020162 7
030020172 5
030200005 10
030200011 4
030200016 4
030200018 4
030200019 6
030200021 10
030200037 6
030200041 5
030200049 5
030200057 5
030200076 4
030200078 8
030200087 5
030200101 6
030200105 5
030200108 5
030200137 6
030200151 5
030200153 9
030200164 8
030210005 5
030210032 5
030210041 6
030210042 8
030210044 4
030210045 4
030210047 6
030210050 4
030210060 7
030210074 5
030210079 8
030210082 4
030210118 6
030210123 4
030210137 4
030210143 6
030210152 10
030210164 6
030210165 6
030210175 6
030230003 7
030230018 7
030230056 6
030230060 10
030230086 6
030230092 8
030230119 9
030230170 8
030230182 5
030230194 8
030230209 6
030230253 7
030230260 8
030230276 8
030230280 8
030230311 6
030230330 9
030230336 6
030230340 8
030230374 7
030460032 4
030460038 10
030460048 5
030460051 5
030460052 7
030460071 5
030460085 4
030460097 10
030460106 5
030460110 5
030460114 6
030460126 4
030460133 6
030460142 8
030460146 7
030460147 9
030460157 6
030460158 5
030460160 6
030460163 5
030490010 6
030490013 5
030490029 5
030490040 7
030490055 9
030490062 5
030490063 6
030490071 6
030490076 5
030490078 6
030490095 7
030490126 5
030490127 7
030490130 4
030490138 6
030490140 6
030490142 5
030490166 7
030490168 4
030490170 5
030680003 7
030680005 8
030680009 5
030680016 7
030680027 6
030680034 4
030680037 4
030680045 6
030680054 6
030680056 5
030680072 5
030680075 4
030680090 7
030680092 4
030680097 4
030680105 4
030680114 5
030680119 5
030680140 4
030680162 5
030830001 8
030830004 4
030830013 9
030830021 8
030830030 4
030830033 8
030830043 5
030830069 6
030830074 5
030830093 5
030830094 5
030830102 6
030830116 6
030830118 8
030830124 10
030830129 6
030830135 4
030830147 4
030830154 4
030830169 4
030880003 5
030880015 4
030880018 6
030880019 5
030880025 7
030880041 10
030880049 4
030880057 5
030880058 7
030880067 7
030880086 5
030880092 4
030880096 5
030880099 5
030880105 4
030880123 5
030880131 4
030880146 4
030880172 5
030880173 4
032080019 4
032080038 6
032080043 5
032080056 4
032080058 4
032080071 5
032080078 7
032080079 9
032080083 7
032080088 4
032080092 8
032080093 6
032080099 4
032080103 5
032080110 7
032080119 8
032080132 5
032080145 7
032080150 5
032080161 5
034230011 4
034230034 4
034230035 4
034230043 5
034230051 8
034230058 6
034230063 7
034230072 4
034230079 4
034230081 4
034230083 4
034230085 5
034230108 6
034230112 6
034230115 6
034230123 7
034230141 9
034230154 6
034230164 7
034230168 5
036360016 5
036360027 5
036360029 7
036360032 5
036360033 7
036360034 4
036360044 10
036360055 5
036360061 6
036360062 6
036360071 9
036360106 7
036360111 10
036360114 4
036360142 7
036360151 7
036360154 5
036360160 6
036360167 7
036360174 4
038370004 8
038370013 6
038370019 6
038370045 5
038370052 4
038370056 5
038370060 4
038370061 4
038370068 8
038370070 5
038370081 5
038370097 4
038370105 4
038370107 5
038370128 6
038370142 6
038370153 9
038370160 4
038370167 8
038370170 4
040050015 7
040050041 10
040050060 7
040050071 5
040050094 7
040050107 6
040050110 5
040050125 6
040050142 7
040050180 10
040050183 5
040050203 6
040050205 7
040050255 6
040050264 5
040050271 7
040050281 8
040050295 7
040050306 5
040050358 6
051950005 7
051950011 8
051950018 9
051950025 5
051950032 5
051950033 10
051950038 6
051950044 5
051950050 5
051950051 5
051950067 10
051950075 8
051950086 5
051950088 4
051950096 6
051950138 7
051950154 6
051950163 5
051950164 6
051950170 9
052180017 6
052180027 5
052180028 8
052180037 5
052180041 8
052180042 7
052180046 4
052180068 6
052180084 4
052180090 4
052180093 9
052180098 8
052180104 10
052180112 9
052180117 4
052180124 8
052180137 8
052180143 8
052180146 7
052180160 6
054010004 9
054010009 5
054010014 4
054010032 4
054010046 5
054010051 5
054010055 4
054010061 4
054010072 4
054010079 9
054010091 5
054010095 5
054010105 5
054010107 7
054010123 4
054010130 4
054010136 8
054010148 4
054010155 4
054010165 6
054080004 7
054080008 5
054080011 5
054080019 7
054080021 6
054080033 5
054080035 9
054080042 8
054080065 5
054080081 10
054080109 9
054080123 5
054080138 6
054080150 6
054080151 6
054080154 7
054080163 7
054080165 7
054080167 7
054080174 8
054140003 5
054140010 9
054140015 4
054140019 5
054140021 6
054140039 4
054140051 6
054140057 6
054140077 10
054140098 6
054140104 5
054140106 4
054140113 4
054140115 6
054140118 7
054140119 5
054140122 6
054140127 8
054140154 5
054140158 7
054180014 5
054180015 4
054180021 8
054180022 7
054180029 5
054180033 4
054180059 4
054180063 4
054180075 4
054180076 8
054180077 4
054180079 4
054180087 7
054180091 5
054180096 5
054180111 6
054180123 6
054180126 6
054180130 10
054180174 8
054240002 7
054240025 5
054240038 6
054240039 6
054240048 5
054240053 8
054240079 4
054240091 4
054240093 4
054240094 4
054240097 9
054240099 10
054240109 5
054240115 6
054240116 6
054240117 6
054240125 6
054240126 6
054240138 7
054240152 9
055510024 6
055510029 5
055510046 9
055510061 8
055510067 5
055510070 7
055510078 4
055510079 5
055510084 5
055510088 7
055510093 6
055510096 5
055510100 6
055510110 6
055510122 6
055510130 7
055510143 9
055510156 6
055510164 10
055510165 4
060100004 6
060100009 6
060100031 9
060100034 6
060100037 4
060100041 7
060100047 8
060100066 4
060100081 9
060100092 4
060100100 8
060100101 4
060100105 6
060100124 3
060100128 9
060100132 8
060100147 6
060100154 6
060100159 5
060100164 6
060480005 6
060480008 7
060480012 6
060480018 5
060480037 6
060480050 6
060480082 5
060480084 8
060480090 8
060480094 5
060480102 4
060480104 8
060480131 8
060480134 4
060480135 7
060480145 8
060480147 4
060480148 6
060480168 6
060480169 7
061210013 6
061210031 5
061210059 6
061210060 8
061210063 9
061210068 9
061210069 8
061210071 5
061210075 4
061210086 5
061210095 5
061210109 8
061210128 9
061210129 10
061210140 4
061210141 6
061210142 5
061210147 7
061210148 5
061210174 4
064010049 4
064010056 4
064010057 4
064010066 6
064010067 6
064010086 5
064010092 5
064010093 7
064010103 4
064010107 4
064010109 4
064010120 4
064010123 4
064010135 4
064010141 6
064010150 9
064010161 10
064010164 5
064010172 5
064010173 5
065040005 10
065040007 5
065040009 7
065040011 7
065040028 9
065040042 5
065040044 7
065040045 6
065040049 5
065040077 6
065040112 4
065040118 7
065040124 6
065040125 6
065040126 5
065040127 6
065040133 9
065040134 7
065040137 7
065040160 5
069120003 9
069120014 4
069120020 6
069120025 5
069120052 6
069120059 7
069120061 6
069120072 5
069120083 4
069120087 5
069120092 5
069120093 9
069120094 5
069120106 6
069120121 9
069120123 4
069120140 8
069120151 6
069120165 6
069120170 8
070010001 5
070010002 8
070010003 7
070010004 10
070010005 9
070010006 9
070010007 6
070010008 6
070010009 5
070010010 8
070010011 8
070010012 7
070010013 5
070010014 6
070010015 8
070010016 9
070010017 7
070010018 8
070010019 7
070010020 8
075510004 9
075510010 8
075510017 7
075510036 8
075510038 8
075510041 4
075510057 5
075510076 8
075510086 7
075510090 9
075510091 9
075510099 6
075510129 8
075510131 10
075510137 5
075510142 9
075510144 8
075510163 8
075510165 8
075510167 9
080020001 5
080020002 5
080020003 10
080020004 5
080020005 5
080020006 6
080020007 5
080020008 7
080020009 10
080020010 7
080020011 8
080020012 8
080020013 6
080020014 5
080020015 6
080020016 5
080020017 5
080020018 6
080020019 7
080020020 6
080570004 5
080570009 6
080570013 5
080570014 7
080570031 9
080570053 6
080570067 7
080570071 9
080570072 10
080570080 9
080570081 5
080570087 5
080570089 8
080570102 10
080570127 7
080570138 5
080570143 10
080570144 9
080570146 7
080570157 5
085850006 9
085850024 6
085850039 8
085850042 9
085850044 6
085850046 5
085850056 9
085850075 5
085850088 5
085850092 9
085850094 5
085850101 5
085850108 9
085850112 7
085850119 6
085850120 5
085850138 8
085850146 6
085850161 9
085850170 9
090340002 9
090340007 7
090340021 7
090340032 8
090340039 9
090340041 9
090340043 10
090340054 5
090340071 5
090340085 7
090340088 5
090340090 9
090340108 5
090340114 9
090340126 9
090340131 6
090340155 8
090340158 5
090340164 6
090340168 10
090700006 5
090700008 7
090700019 5
090700042 10
090700045 6
090700047 5
090700054 6
090700055 8
090700057 9
090700059 7
090700065 7
090700081 8
090700082 5
090700108 7
090700111 8
090700117 9
090700127 8
090700148 6
090700164 9
090700172 9
095560005 9
095560008 7
095560010 5
095560017 6
095560031 7
095560037 7
095560051 6
095560054 5
095560069 7
095560080 8
095560083 10
095560108 5
095560115 6
095560129 5
095560133 8
095560150 8
095560153 9
095560163 5
095560164 9
095560170 6
096000002 8
096000003 9
096000004 10
096000005 9
096000006 8
096000007 10
096000008 10
096000009 7
096000010 7
096000011 7
096000012 9
096000013 6
096000014 6
096000015 10
096000016 10
096000017 10
096000018 9
096000020 10
096000021 10
096000022 8
096040001 9
096040002 8
096040004 5
096040005 8
096040006 9
096040007 10
096040008 5
096040009 5
096040010 10
096040011 8
096040012 8
096040014 9
096040015 6
096040016 10
096040018 9
096040019 9
096040021 7
096040023 10
096040024 8
096040025 8
096060001 9
096060002 5
096060003 7
096060004 5
096060005 7
096060006 10
096060007 5
096060008 9
096060009 10
096060010 9
096060011 8
096060012 5
096060013 5
096060014 7
096060015 7
096060016 10
096060017 10
096060019 6
096060020 8
096060022 8
096070002 8
096070003 9
096070005 9
096070006 5
096070007 8
096070008 9
096070011 8
096070012 5
096070013 10
096070014 9
096070015 9
096070016 6
096070017 8
096070018 8
096070019 6
096070020 9
096070021 9
096070022 7
096070023 8
096070024 8
096090001 10
096090003 7
096090005 9
096090006 7
096090007 9
096090008 8
096090010 9
096090011 8
096090014 8
096090015 6
096090017 9
096090018 5
096090019 10
096090020 8
096090021 8
096090023 9
096090024 9
096090025 9
096090026 6
096090027 9
096110001 10
096110002 8
096110003 6
096110004 5
096110005 9
096110006 9
096110008 5
096110009 8
096110011 10
096110012 8
096110013 5
096110014 9
096110015 9
096110016 9
096110017 10
096110018 8
096110019 9
096110021 7
096110022 7
096110023 10
096130001 6
096130002 6
096130003 8
096130004 5
096130005 8
096130006 5
096130007 9
096130008 6
096130009 10
096130010 5
096130011 6
096130012 6
096130013 8
096130014 10
096130016 9
096130017 9
096130018 10
096130019 6
096130020 8
096130021 6
096140002 10
096140003 9
096140004 10
096140005 7
096140006 5
096140007 9
096140008 7
096140009 6
096140010 5
096140011 9
096140012 7
096140014 8
096140015 10
096140016 10
096140017 9
096140018 9
096140019 7
096140020 7
096140021 7
096140022 10
096150003 8
096150005 9
096150006 10
096150007 10
096150009 9
096150010 10
096150011 8
096150012 10
096150013 10
096150016 7
096150017 7
096150018 7
096150019 7
096150020 9
096150021 9
096150024 10
096150025 10
096150026 10
096150027 7
096150028 7
096160001 7
096160002 6
096160003 5
096160004 8
096160005 6
096160006 9
096160007 8
096160008 10
096160009 9
096160010 7
096160011 10
096160012 10
096160013 8
096160014 9
096160015 8
096160016 6
096160017 9
096160018 9
096160019 6
096160020 9
096190001 6
096190002 5
096190003 7
096190004 8
096190005 10
096190006 6
096190007 10
096190008 7
096190009 9
096190010 5
096190011 5
096190012 9
096190013 8
096190014 10
096190015 9
096190016 9
096190017 7
096190019 10
096190020 5
096190021 5
096240001 5
096240002 8
096240003 5
096240004 5
096240005 8
096240006 10
096240007 10
096240008 7
096240009 7
096240010 8
096240011 6
096240012 10
096240013 5
096240014 10
096240015 9
096240016 5
096240017 8
096240019 9
096240020 6
096240021 10
096250001 7
096250002 9
096250003 6
096250004 5
096250005 8
096250007 7
096250008 6
096250009 7
096250010 6
096250011 8
096250012 7
096250013 7
096250014 10
096250015 5
096250016 6
096250017 6
096250018 7
096250020 9
096250021 10
096250023 5
096280011 7
096280012 6
096280013 10
096280014 7
096280015 7
096280016 5
096280017 8
096280018 8
096280019 6
096280020 10
096280021 7
096280022 7
096280023 8
096280024 10
096280025 6
096280026 6
096280027 6
096280028 7
096280029 7
096280030 7
096300001 9
096300002 5
096300003 6
096300004 8
096300005 6
096300006 6
096300007 7
096300008 7
096300009 6
096300010 8
096300011 5
096300012 10
096300013 9
096300014 6
096300015 6
096300016 10
096300017 5
096300018 5
096300019 5
096300020 5
096340004 8
096340005 8
096340006 6
096340007 6
096340008 7
096340009 5
096340010 5
096340011 6
096340012 9
096340013 5
096340014 7
096340015 6
096340016 8
096340017 9
096340018 9
096340019 9
096340020 9
096340021 7
096340022 7
096340023 7
096390001 6
096390002 7
096390003 5
096390004 7
096390005 7
096390006 5
096390007 5
096390008 9
096390009 6
096390010 8
096390011 5
096390012 8
096390013 9
096390014 7
096390015 7
096390016 10
096390017 5
096390018 8
096390019 6
096390020 10
096430002 6
096430003 6
096430004 6
096430005 8
096430006 8
096430007 6
096430008 6
096430009 5
096430010 5
096430011 5
096430012 5
096430013 7
096430014 5
096430015 6
096430016 6
096430017 8
096430018 5
096430019 6
096430020 7
096430021 5
096450001 5
096450002 7
096450003 9
096450004 5
096450005 9
096450006 6
096450007 7
096450008 5
096450010 6
096450011 8
096450012 7
096450013 10
096450014 8
096450015 5
096450016 6
096450017 5
096450018 5
096450019 6
096450020 7
096450021 6
096460002 9
096460003 8
096460004 7
096460005 5
096460006 9
096460007 7
096460008 5
096460009 5
096460010 5
096460011 6
096460012 7
096460013 5
096460014 5
096460015 5
096460016 6
096460017 5
096460018 5
096460019 5
096460020 5
096460021 5
096490001 7
096490002 6
096490003 7
096490004 6
096490005 8
096490006 5
096490007 6
096490008 7
096490009 7
096490010 5
096490011 8
096490012 5
096490013 6
096490014 5
096490015 6
096490016 5
096490017 5
096490018 5
096490019 6
096490020 5
