000010011 256
000010035 341
000010053 333
000010063 330
000010069 299
000010075 257
000010089 306
000010095 295
000010106 211
000010113 298
000010115 298
000010121 329
000010122 340
000010133 286
000010135 320
000010140 331
000010145 347
000010149 326
000010168 165
000010173 204
000050003 432
000050010 303
000050024 382
000050028 270
000050038 286
000050040 274
000050047 223
000050049 211
000050055 222
000050078 385
000050079 462
000050083 242
000050095 288
000050099 283
000050100 290
000050114 389
000050118 354
000050122 463
000050174 192
000050175 157
000060015 329
000060020 324
000060029 338
000060031 324
000060049 310
000060056 281
000060077 303
000060081 301
000060082 298
000060083 280
000060094 316
000060102 302
000060106 321
000060111 325
000060113 242
000060116 306
000060124 356
000060130 298
000060136 257
000060153 310
000260001 236
000260011 316
000260015 320
000260032 291
000260033 287
000260039 294
000260048 253
000260050 255
000260052 346
000260069 333
000260075 239
000260091 328
000260095 318
000260096 337
000260112 386
000260115 416
000260121 380
000260126 236
000260133 263
000260166 254
000360013 328
000360034 420
000360036 294
000360132 326
000360133 450
000360161 307
000360190 376
000360210 325
000360223 400
000360241 322
000360264 454
000360283 257
000360313 351
000360314 262
000360332 414
000360334 304
000360339 378
000360343 398
000360360 385
000360378 224
000480010 216
000480014 229
000480015 265
000480016 240
000480019 229
000480023 220
000480033 241
000480045 236
000480068 201
000480081 262
000480089 238
000480090 189
000480108 243
000480119 258
000480125 307
000480134 233
000480136 257
000480151 238
000480158 241
000480159 242
000530003 364
000530006 382
000530019 363
000530027 283
000530030 355
000530037 310
000530054 266
000530055 317
000530060 369
000530063 331
000530076 452
000530077 381
000530094 387
000530109 329
000530112 414
000530115 406
000530145 505
000530154 343
000530163 354
000530174 322
000540001 280
000540004 321
000540014 308
000540018 392
000540031 386
000540054 313
000540055 291
000540058 378
000540062 365
000540072 342
000540077 358
000540088 276
000540106 317
000540111 289
000540117 310
000540123 317
000540127 256
000540130 267
000540156 256
000540163 250
000560016 438
000560017 448
000560026 264
000560030 366
000560033 321
000560038 286
000560058 508
000560068 419
000560074 415
000560075 386
000560084 375
000560086 438
000560088 234
000560116 621
000560117 1070
000560134 471
000560154 544
000560159 233
000560162 497
000560172 509
000700008 410
000700010 317
000700012 299
000700015 393
000700019 349
000700034 342
000700037 336
000700046 358
000700048 358
000700053 340
000700063 386
000700065 735
000700082 401
000700109 370
000700120 450
000700123 490
000700130 460
000700151 333
000700156 295
000700174 279
000750005 248
000750015 312
000750020 377
000750024 297
000750026 325
000750029 304
000750045 259
000750068 314
000750080 261
000750082 276
000750085 271
000750091 333
000750101 239
000750106 311
000750108 244
000750123 291
000750128 294
000750134 282
000750140 288
000750149 439
001030008 327
001030013 285
001030032 369
001030048 270
001030053 271
001030054 253
001030060 379
001030061 282
001030065 309
001030077 384
001030078 421
001030090 258
001030099 327
001030102 303
001030103 318
001030121 319
001030136 296
001030143 308
001030144 342
001030155 240
001040022 326
001040026 323
001040038 420
001040050 436
001040062 319
001040067 498
001040069 374
001040071 313
001040073 407
001040100 386
001040104 277
001040106 385
001040108 368
001040115 411
001040120 387
001040122 422
001040134 321
001040136 394
001040149 714
001040173 349
001310020 383
001310022 393
001310023 349
001310061 404
001310062 318
001310076 515
001310078 471
001310081 303
001310096 355
001310122 496
001310123 464
001310129 346
001310144 223
001310148 203
001310152 338
001310154 341
001310155 207
001310162 238
001310165 311
001310168 255
001350002 295
001350091 476
001350119 337
001350124 446
001350134 229
001350163 288
001350174 330
001350180 453
001350194 399
001350216 278
001350219 336
001350243 267
001350285 309
001350312 307
001350317 379
001350318 396
001350343 326
001350350 315
001350356 323
001350375 315
001450037 469
001450043 371
001450049 421
001450051 798
001450063 352
001450070 473
001450083 479
001450090 531
001450094 646
001450098 583
001450109 614
001450116 1016
001450140 366
001450142 212
001450146 283
001450159 509
001450170 444
001450171 522
001450172 407
001450173 205
004820005 346
004820015 435
004820041 491
004820045 217
004820055 330
004820114 469
004820119 349
004820144 357
004820201 409
004820214 314
004820220 253
004820239 313
004820258 332
004820265 388
004820268 358
004820329 335
004820353 445
004820370 370
004820371 359
004820378 436
005600015 411
005600060 366
005600065 406
005600129 567
005600145 248
005600146 294
005600153 281
005600154 603
005600180 297
005600199 319
005600205 544
005600212 468
005600214 365
005600268 380
005600294 254
005600296 383
005600298 343
005600318 461
005600365 334
005600370 473
005750059 453
005750067 389
005750089 466
005750099 454
005750150 351
005750168 290
005750178 274
005750179 312
005750237 322
005750249 340
005750268 319
005750270 397
005750290 249
005750297 366
005750298 287
005750300 335
005750303 302
005750321 275
005750330 434
005750347 398
005940019 457
005940025 357
005940141 325
005940142 280
005940164 450
005940174 558
005940193 358
005940195 234
005940234 287
005940237 386
005940238 392
005940252 402
005940263 497
005940267 414
005940271 356
005940283 316
005940304 257
005940318 360
005940373 477
005940380 599
007390013 463
007390019 502
007390062 544
007390070 745
007390072 388
007390092 465
007390119 466
007390120 384
007390139 484
007390160 469
007390195 584
007390197 357
007390208 648
007390211 365
007390220 481
007390228 403
007390238 434
007390281 329
007390294 290
007390355 601
008130061 328
008130081 428
008130091 480
008130100 342
008130153 240
008130196 233
008130222 330
008130233 255
008130257 260
008130271 313
008130281 286
008130282 446
008130283 379
008130288 367
008130301 303
008130339 301
008130340 362
008130346 320
008130356 262
008130380 363
009600062 340
009600113 667
009600118 464
009600120 297
009600127 424
009600129 416
009600133 592
009600140 342
009600186 318
009600190 487
009600205 455
009600215 256
009600262 300
009600267 407
009600270 385
009600287 317
009600335 549
009600337 543
009600338 419
009600343 276
010120008 320
010120059 640
010120071 401
010120128 247
010120148 380
010120166 352
010120180 220
010120193 263
010120200 242
010120208 374
010120212 315
010120219 342
010120243 432
010120255 342
010120265 321
010120269 296
010120303 397
010120334 355
010120335 443
010120374 282
010270117 276
010270124 407
010270131 245
010270140 370
010270170 249
010270198 342
010270226 300
010270238 317
010270265 307
010270268 353
010270294 263
010270301 261
010270306 478
010270314 281
010270349 376
010270354 239
010270356 444
010270366 451
010270368 406
010270377 400
010290003 288
010290066 361
010290094 218
010290096 342
010290123 349
010290152 381
010290179 266
010290189 293
010290229 283
010290236 362
010290252 323
010290260 235
010290276 297
010290287 298
010290294 277
010290320 370
010290330 335
010290341 387
010290361 312
010290362 281
010330026 362
010330033 266
010330035 319
010330052 370
010330053 412
010330085 332
010330103 318
010330129 351
010330139 451
010330147 223
010330197 360
010330206 483
010330235 265
010330241 255
010330257 329
010330268 333
010330277 414
010330325 368
010330345 240
010330346 396
010420022 347
010420023 308
010420025 267
010420034 334
010420040 336
010420047 252
010420059 324
010420060 296
010420064 242
010420102 324
010420105 391
010420107 368
010420129 339
010420133 302
010420134 323
010420143 509
010420151 220
010420157 267
010420167 349
010420175 256
010440006 360
010440008 373
010440012 337
010440017 283
010440038 350
010440039 359
010440053 535
010440064 267
010440077 339
010440093 259
010440099 203
010440106 367
010440107 465
010440117 315
010440119 338
010440120 285
010440127 316
010440149 260
010440150 245
010440154 186
010640005 424
010640017 504
010640028 556
010640034 451
010640036 479
010640056 439
010640082 362
010640098 288
010640166 495
010640210 434
010640212 363
010640242 275
010640250 361
010640277 282
010640280 467
010640284 277
010640286 262
010640297 435
010640314 335
010640366 623
010920012 375
010920024 513
010920025 546
010920030 258
010920032 260
010920033 253
010920043 271
010920044 259
010920065 431
010920070 368
010920075 316
010920101 261
010920105 446
010920125 546
010920126 372
010920138 381
010920141 475
010920153 274
010920159 395
010920165 372
011970004 473
011970006 750
011970019 435
011970023 738
011970036 311
011970042 374
011970075 456
011970081 466
011970087 559
011970088 394
011970092 457
011970095 466
011970107 819
011970132 482
011970141 569
011970142 596
011970145 731
011970165 391
011970173 276
011970175 674
012030007 300
012030010 356
012030013 288
012030024 243
012030027 345
012030031 223
012030032 262
012030036 212
012030043 288
012030044 275
012030053 316
012030055 415
012030058 294
012030072 261
012030078 198
012030083 342
012030093 254
012030097 284
012030116 386
012030138 240
012600017 603
012600072 414
012600082 528
012600129 468
012600131 435
012600177 376
012600186 411
012600210 596
012600219 364
012600224 413
012600251 266
012600252 455
012600263 363
012600281 464
012600295 299
012600330 410
012600338 296
012600345 623
012600357 597
012600368 517
013090018 286
013090027 333
013090041 318
013090051 441
013090076 296
013090105 253
013090128 437
013090147 289
013090148 233
013090160 285
013090179 333
013090181 234
013090184 231
013090185 270
013090202 277
013090232 270
013090267 339
013090287 230
013090339 242
013090364 375
013360001 510
013360002 298
013360016 420
013360082 447
013360123 286
013360130 366
013360140 280
013360145 329
013360146 254
013360161 353
013360162 323
013360171 355
013360226 316
013360234 393
013360235 257
013360257 240
013360263 278
013360268 303
013360360 309
013360363 308
013620027 403
013620030 594
013620106 555
013620108 492
013620128 302
013620137 436
013620140 473
013620143 401
013620146 335
013620162 316
013620175 456
013620184 339
013620185 500
013620210 433
013620241 290
013620257 370
013620258 260
013620292 358
013620361 309
013620366 300
013720023 276
013720051 433
013720070 374
013720082 380
013720140 352
013720152 395
013720153 338
013720167 305
013720182 335
013720189 381
013720198 329
013720199 331
013720201 311
013720215 245
013720233 294
013720256 332
013720274 383
013720275 325
013720311 300
013720360 349
014070040 418
014070080 328
014070092 376
014070101 488
014070159 336
014070207 381
014070217 236
014070239 412
014070248 352
014070265 455
014070270 264
014070281 397
014070297 538
014070304 421
014070308 504
014070336 418
014070341 661
014070343 468
014070349 473
014070358 365
014180002 463
014180008 397
014180011 354
014180013 359
014180044 384
014180051 371
014180063 320
014180077 323
014180084 423
014180088 342
014180100 309
014180131 495
014180139 449
014180143 660
014180150 328
014180155 238
014180158 248
014180160 335
014180165 279
014180166 267
014190006 329
014190025 557
014190027 379
014190030 301
014190055 361
014190059 353
014190060 305
014190062 295
014190064 402
014190071 214
014190073 384
014190081 309
014190088 345
014190095 346
014190098 336
014190107 431
014190108 459
014190114 302
014190128 296
014190172 265
014350004 427
014350012 351
014350016 392
014350017 447
014350018 343
014350020 322
014350022 299
014350028 290
014350085 487
014350094 351
014350103 314
014350110 313
014350127 304
014350133 418
014350146 574
014350153 261
014350157 182
014350158 227
014350163 192
014350165 345
014390008 473
014390009 539
014390045 381
014390051 568
014390052 631
014390057 459
014390064 439
014390068 551
014390076 531
014390086 571
014390090 368
014390117 591
014390124 556
014390133 558
014390134 584
014390135 863
014390143 501
014390154 536
014390156 582
014390163 484
014470007 429
014470017 335
014470026 342
014470028 353
014470031 272
014470038 436
014470039 335
014470048 287
014470053 295
014470060 233
014470063 371
014470072 333
014470084 451
014470100 338
014470109 432
014470124 306
014470140 743
014470141 574
014470149 299
014470150 316
020220021 505
020220023 442
020220033 405
020220048 275
020220056 308
020220060 263
020220072 306
020220091 360
020220120 303
020220122 252
020220139 309
020220141 250
020220176 319
020220200 348
020220221 266
020220232 260
020220259 268
020220264 312
020220295 298
020220366 275
020340016 338
020340019 283
020340029 236
020340043 235
020340055 310
020340056 371
020340063 217
020340065 316
020340071 284
020340096 303
020340098 374
020340109 479
020340113 477
020340124 317
020340140 215
020340144 396
020340156 396
020340162 255
020340166 196
020340169 233
020360017 286
020360019 346
020360036 312
020360055 464
020360089 494
020360097 388
020360100 365
020360131 431
020360136 292
020360143 316
020360202 340
020360211 308
020360220 311
020360228 289
020360245 283
020360299 405
020360301 269
020360302 349
020360312 503
020360329 322
020590022 409
020590026 490
020590047 301
020590077 488
020590103 429
020590121 382
020590122 299
020590123 349
020590144 371
020590151 314
020590164 314
020590181 317
020590228 418
020590265 361
020590274 394
020590276 467
020590290 246
020590322 415
020590359 298
020590376 462
020610010 325
020610014 303
020610061 519
020610090 376
020610122 387
020610134 300
020610166 319
020610168 392
020610174 413
020610175 323
020610194 385
020610201 298
020610206 311
020610207 484
020610291 271
020610302 405
020610316 373
020610328 264
020610341 574
020610343 469
020890003 426
020890037 317
020890112 321
020890134 287
020890156 301
020890165 324
020890206 372
020890207 319
020890215 340
020890219 310
020890259 307
020890260 351
020890267 323
020890274 459
020890306 350
020890313 326
020890326 527
020890340 331
020890346 324
020890371 303
021290009 361
021290011 336
021290068 387
021290121 300
021290134 266
021290144 369
021290148 287
021290160 369
021290169 283
021290173 255
021290200 330
021290209 335
021290235 386
021290261 298
021290282 355
021290291 287
021290319 303
021290324 307
021290326 284
021290371 314
021680007 317
021680016 380
021680048 451
021680052 408
021680122 308
021680154 347
021680169 299
021680190 534
021680237 384
021680246 326
021680249 369
021680251 342
021680266 318
021680288 455
021680297 320
021680318 385
021680332 303
021680369 321
021680379 379
021680380 480
021700029 359
021700034 422
021700062 389
021700077 310
021700120 378
021700131 279
021700139 330
021700153 530
021700176 260
021700211 310
021700224 309
021700232 447
021700236 478
021700240 380
021700277 359
021700287 244
021700291 299
021700300 303
021700362 332
021700379 357
021790008 295
021790025 294
021790030 288
021790035 309
021790039 313
021790040 316
021790043 279
021790055 445
021790075 251
021790081 394
021790083 267
021790084 428
021790108 384
021790112 195
021790125 290
021790149 245
021790152 274
021790168 468
021790169 289
021790173 352
022080028 372
022080038 401
022080085 413
022080100 273
022080116 312
022080124 371
022080146 318
022080179 345
022080181 274
022080186 276
022080187 288
022080189 232
022080192 282
022080202 239
022080204 246
022080210 355
022080294 238
022080299 431
022080340 409
022080341 294
022360092 410
022360126 381
022360147 298
022360159 278
022360185 255
022360186 249
022360221 372
022360222 348
022360227 301
022360231 341
022360253 399
022360259 297
022360262 248
022360265 314
022360293 276
022360310 439
022360311 303
022360321 453
022360326 327
022360350 266
022420015 257
022420045 364
022420067 286
022420073 527
022420086 437
022420106 310
022420129 289
022420138 304
022420146 318
022420164 320
022420168 376
022420172 281
022420273 300
022420288 276
022420292 298
022420306 312
022420342 301
022420346 424
022420348 399
022420362 351
022440038 445
022440039 439
022440062 456
022440073 425
022440126 264
022440134 367
022440139 241
022440144 314
022440165 403
022440180 363
022440189 418
022440215 295
022440277 272
022440286 361
022440312 303
022440337 355
022440340 411
022440352 331
022440361 374
022440362 329
022510066 356
022510069 381
022510089 398
022510093 445
022510095 357
022510122 333
022510152 463
022510166 367
022510190 415
022510211 370
022510230 434
022510237 406
022510255 302
022510266 362
022510276 361
022510291 344
022510300 320
022510320 360
022510323 315
022510368 357
022820020 426
022820021 386
022820026 283
022820042 439
022820062 400
022820072 451
022820079 468
022820106 390
022820107 311
022820121 352
022820134 316
022820142 256
022820155 325
022820191 288
022820197 353
022820281 252
022820291 275
022820293 311
022820317 270
022820357 287
023800015 335
023800042 436
023800056 326
023800093 391
023800114 424
023800124 348
023800160 281
023800186 252
023800242 393
023800260 360
023800277 303
023800278 394
023800280 313
023800298 435
023800326 346
023800330 458
023800338 420
023800352 324
023800363 366
023800368 281
024020047 263
024020051 461
024020053 247
024020069 534
024020084 327
024020142 447
024020158 351
024020175 289
024020176 400
024020205 232
024020233 413
024020238 504
024020253 517
024020256 259
024020260 342
024020265 266
024020291 385
024020321 266
024020328 426
024020337 421
024270011 463
024270019 346
024270028 552
024270051 403
024270053 335
024270057 377
024270077 282
024270127 299
024270155 286
024270168 244
024270176 282
024270178 283
024270183 304
024270197 372
024270206 337
024270245 351
024270270 359
024270292 301
024270313 203
024270336 243
024300001 334
024300052 468
024300061 230
024300063 300
024300065 352
024300068 626
024300080 225
024300082 545
024300093 389
024300099 421
024300118 348
024300131 307
024300132 370
024300135 423
024300189 323
024300221 316
024300270 271
024300330 338
024300345 345
024300360 349
024500006 269
024500021 464
024500033 381
024500095 418
024500126 233
024500139 307
024500141 335
024500147 317
024500151 297
024500156 308
024500164 310
024500228 359
024500250 327
024500268 446
024500284 418
024500317 343
024500327 281
024500333 273
024500350 327
024500363 334
026210005 318
026210047 386
026210096 293
026210123 341
026210132 334
026210135 291
026210136 279
026210141 309
026210157 381
026210177 347
026210185 333
026210203 306
026210213 268
026210220 353
026210231 276
026210242 311
026210262 297
026210287 327
026210299 307
026210302 230
027990028 417
027990046 252
027990056 359
027990059 285
027990066 305
027990153 230
027990156 351
027990160 287
027990162 347
027990167 330
027990201 341
027990232 289
027990242 245
027990247 345
027990264 321
027990309 235
027990328 336
027990330 323
027990341 312
027990358 336
029810020 268
029810027 410
029810135 272
029810139 289
029810147 232
029810158 245
029810200 279
029810204 270
029810216 228
029810221 301
029810234 360
029810235 443
029810243 331
029810283 241
029810294 394
029810301 254
029810315 288
029810349 382
029810350 420
029810360 246
030020008 265
030020012 392
030020022 242
030020047 254
030020048 433
030020065 261
030020077 264
030020092 317
030020100 433
030020112 192
030020117 263
030020126 427
030020136 284
030020138 215
030020144 298
030020152 245
030020159 303
030020161 309
030020162 352
030020172 269
030200005 476
030200011 291
030200016 205
030200018 229
030200019 269
030200021 498
030200037 360
030200041 199
030200049 249
030200057 248
030200076 235
030200078 468
030200087 287
030200101 414
030200105 262
030200108 314
030200137 332
030200151 240
030200153 439
030200164 372
030210005 271
030210032 320
030210041 309
030210042 506
030210044 276
030210045 239
030210047 358
030210050 232
030210060 343
030210074 311
030210079 350
030210082 265
030210118 329
030210123 238
030210137 292
030210143 351
030210152 492
030210164 372
030210165 347
030210175 291
030230003 353
030230018 272
030230056 290
030230060 502
030230086 320
030230092 421
030230119 366
030230170 357
030230182 293
030230194 347
030230209 293
030230253 277
030230260 349
030230276 283
030230280 342
030230311 286
030230330 358
030230336 291
030230340 381
030230374 296
030460032 248
030460038 417
030460048 325
030460051 244
030460052 369
030460071 296
030460085 229
030460097 549
030460106 259
030460110 300
030460114 280
030460126 218
030460133 367
030460142 418
030460146 317
030460147 474
030460157 376
030460158 251
030460160 339
030460163 239
030490010 344
030490013 270
030490029 297
030490040 367
030490055 711
030490062 307
030490063 451
030490071 427
030490076 426
030490078 335
030490095 618
030490126 236
030490127 455
030490130 229
030490138 305
030490140 279
030490142 325
030490166 633
030490168 227
030490170 256
030680003 381
030680005 391
030680009 228
030680016 341
030680027 321
030680034 224
030680037 228
030680045 331
030680054 319
030680056 330
030680072 334
030680075 298
030680090 319
030680092 303
030680097 239
030680105 248
030680114 377
030680119 279
030680140 255
030680162 460
030830001 314
030830004 231
030830013 490
030830021 583
030830030 235
030830033 426
030830043 293
030830069 399
030830074 249
030830093 387
030830094 256
030830102 294
030830116 387
030830118 397
030830124 533
030830129 312
030830135 286
030830147 278
030830154 209
030830169 238
030880003 304
030880015 244
030880018 311
030880019 276
030880025 408
030880041 533
030880049 283
030880057 300
030880058 329
030880067 354
030880086 250
030880092 252
030880096 276
030880099 320
030880105 199
030880123 282
030880131 248
030880146 289
030880172 243
030880173 296
032080019 216
032080038 264
032080043 285
032080056 236
032080058 256
032080071 311
032080078 325
032080079 337
032080083 420
032080088 332
032080092 445
032080093 298
032080099 245
032080103 279
032080110 341
032080119 469
032080132 279
032080145 356
032080150 230
032080161 297
034230011 318
034230034 316
034230035 255
034230043 300
034230051 512
034230058 331
034230063 390
034230072 290
034230079 301
034230081 302
034230083 301
034230085 301
034230108 331
034230112 334
034230115 374
034230123 451
034230141 528
034230154 341
034230164 384
034230168 331
036360016 395
036360027 309
036360029 478
036360032 375
036360033 433
036360034 324
036360044 579
036360055 318
036360061 377
036360062 338
036360071 651
036360106 651
036360111 697
036360114 359
036360142 409
036360151 412
036360154 303
036360160 322
036360167 471
036360174 291
038370004 430
038370013 350
038370019 352
038370045 442
038370052 336
038370056 369
038370060 259
038370061 314
038370068 401
038370070 356
038370081 307
038370097 248
038370105 253
038370107 298
038370128 338
038370142 381
038370153 648
038370160 256
038370167 429
038370170 340
040050015 346
040050041 485
040050060 362
040050071 283
040050094 296
040050107 329
040050110 258
040050125 305
040050142 308
040050180 411
040050183 250
040050203 258
040050205 311
040050255 258
040050264 252
040050271 268
040050281 308
040050295 265
040050306 276
040050358 332
051950005 314
051950011 323
051950018 405
051950025 282
051950032 276
051950033 494
051950038 323
051950044 254
051950050 309
051950051 271
051950067 387
051950075 351
051950086 304
051950088 251
051950096 320
051950138 287
051950154 298
051950163 255
051950164 322
051950170 535
052180017 250
052180027 220
052180028 314
052180037 263
052180041 331
052180042 324
052180046 202
052180068 245
052180084 215
052180090 188
052180093 345
052180098 294
052180104 408
052180112 426
052180117 250
052180124 371
052180137 322
052180143 358
052180146 281
052180160 334
054010004 521
054010009 422
054010014 284
054010032 283
054010046 370
054010051 359
054010055 292
054010061 298
054010072 307
054010079 659
054010091 329
054010095 385
054010105 340
054010107 434
054010123 368
054010130 276
054010136 488
054010148 268
054010155 253
054010165 383
054080004 373
054080008 269
054080011 285
054080019 323
054080021 371
054080033 278
054080035 388
054080042 391
054080065 320
054080081 448
054080109 393
054080123 253
054080138 343
054080150 332
054080151 349
054080154 382
054080163 355
054080165 342
054080167 358
054080174 382
054140003 239
054140010 434
054140015 224
054140019 272
054140021 321
054140039 231
054140051 346
054140057 244
054140077 485
054140098 297
054140104 254
054140106 254
054140113 253
054140115 265
054140118 343
054140119 230
054140122 483
054140127 379
054140154 298
054140158 340
054180014 215
054180015 235
054180021 308
054180022 313
054180029 265
054180033 332
054180059 205
054180063 237
054180075 208
054180076 280
054180077 214
054180079 203
054180087 352
054180091 258
054180096 221
054180111 257
054180123 269
054180126 272
054180130 466
054180174 360
054240002 454
054240025 281
054240038 311
054240039 282
054240048 327
054240053 362
054240079 247
054240091 228
054240093 247
054240094 223
054240097 395
054240099 509
054240109 239
054240115 379
054240116 276
054240117 285
054240125 249
054240126 407
054240138 327
054240152 416
055510024 294
055510029 257
055510046 446
055510061 382
055510067 306
055510070 410
055510078 256
055510079 641
055510084 287
055510088 365
055510093 344
055510096 289
055510100 314
055510110 322
055510122 454
055510130 389
055510143 597
055510156 312
055510164 451
055510165 284
060100004 429
060100009 277
060100031 407
060100034 348
060100037 254
060100041 516
060100047 354
060100066 247
060100081 476
060100092 223
060100100 530
060100101 375
060100105 313
060100124 560
060100128 551
060100132 472
060100147 298
060100154 334
060100159 286
060100164 424
060480005 361
060480008 317
060480012 384
060480018 285
060480037 301
060480050 328
060480082 299
060480084 460
060480090 466
060480094 333
060480102 282
060480104 448
060480131 488
060480134 312
060480135 369
060480145 398
060480147 297
060480148 350
060480168 426
060480169 448
061210013 278
061210031 234
061210059 253
061210060 345
061210063 404
061210068 382
061210069 368
061210071 231
061210075 208
061210086 213
061210095 240
061210109 390
061210128 294
061210129 412
061210140 300
061210141 305
061210142 211
061210147 360
061210148 229
061210174 286
064010049 305
064010056 450
064010057 362
064010066 433
064010067 424
064010086 340
064010092 350
064010093 459
064010103 372
064010107 348
064010109 268
064010120 364
064010123 430
064010135 334
064010141 404
064010150 581
064010161 565
064010164 398
064010172 484
064010173 389
065040005 485
065040007 317
065040009 449
065040011 320
065040028 412
065040042 322
065040044 336
065040045 353
065040049 302
065040077 351
065040112 274
065040118 327
065040124 321
065040125 299
065040126 237
065040127 278
065040133 421
065040134 335
065040137 299
065040160 270
069120003 403
069120014 359
069120020 311
069120025 325
069120052 250
069120059 372
069120061 322
069120072 281
069120083 283
069120087 266
069120092 378
069120093 438
069120094 416
069120106 318
069120121 386
069120123 242
069120140 437
069120151 402
069120165 326
069120170 372
070010001 588
070010002 1214
070010003 1162
070010004 1565
070010005 1988
070010006 2039
070010007 940
070010008 1678
070010009 1344
070010010 1255
070010011 1363
070010012 1049
070010013 650
070010014 1481
070010015 1972
070010016 1899
070010017 1226
070010018 1367
070010019 1341
070010020 1250
075510004 394
075510010 565
075510017 302
075510036 446
075510038 496
075510041 263
075510057 272
075510076 384
075510086 325
075510090 533
075510091 402
075510099 322
075510129 370
075510131 416
075510137 287
075510142 382
075510144 408
075510163 378
075510165 357
075510167 363
080020001 1050
080020002 648
080020003 1709
080020004 822
080020005 593
080020006 665
080020007 683
080020008 728
080020009 1085
080020010 1115
080020011 1435
080020012 875
080020013 750
080020014 568
080020015 551
080020016 1270
080020017 682
080020018 787
080020019 1155
080020020 732
080570004 263
080570009 226
080570013 287
080570014 309
080570031 376
080570053 350
080570067 354
080570071 376
080570072 529
080570080 369
080570081 360
080570087 322
080570089 322
080570102 374
080570127 278
080570138 340
080570143 492
080570144 442
080570146 358
080570157 253
085850006 368
085850024 282
085850039 360
085850042 511
085850044 281
085850046 277
085850056 393
085850075 267
085850088 267
085850092 351
085850094 247
085850101 231
085850108 409
085850112 263
085850119 282
085850120 238
085850138 362
085850146 283
085850161 347
085850170 309
090340002 372
090340007 321
090340021 349
090340032 391
090340039 419
090340041 333
090340043 532
090340054 287
090340071 247
090340085 286
090340088 229
090340090 423
090340108 244
090340114 442
090340126 361
090340131 304
090340155 470
090340158 294
090340164 310
090340168 553
090700006 297
090700008 390
090700019 270
090700042 378
090700045 395
090700047 276
090700054 317
090700055 390
090700057 499
090700059 372
090700065 454
090700081 331
090700082 291
090700108 303
090700111 415
090700117 417
090700127 323
090700148 388
090700164 484
090700172 457
095560005 433
095560008 457
095560010 304
095560017 419
095560031 465
095560037 402
095560051 427
095560054 405
095560069 490
095560080 387
095560083 457
095560108 365
095560115 298
095560129 395
095560133 482
095560150 448
095560153 469
095560163 315
095560164 449
095560170 372
096000002 647
096000003 778
096000004 647
096000005 737
096000006 742
096000007 937
096000008 769
096000009 580
096000010 715
096000011 583
096000012 703
096000013 561
096000014 548
096000015 825
096000016 767
096000017 797
096000018 924
096000020 745
096000021 909
096000022 706
096040001 615
096040002 586
096040004 270
096040005 679
096040006 636
096040007 578
096040008 395
096040009 354
096040010 849
096040011 786
096040012 529
096040014 774
096040015 356
096040016 730
096040018 707
096040019 543
096040021 413
096040023 863
096040024 554
096040025 456
096060001 560
096060002 520
096060003 538
096060004 334
096060005 680
096060006 1028
096060007 422
096060008 899
096060009 941
096060010 770
096060011 579
096060012 408
096060013 554
096060014 570
096060015 617
096060016 896
096060017 743
096060019 474
096060020 630
096060022 641
096070002 530
096070003 604
096070005 726
096070006 406
096070007 609
096070008 589
096070011 539
096070012 329
096070013 818
096070014 762
096070015 680
096070016 498
096070017 620
096070018 589
096070019 452
096070020 740
096070021 610
096070022 573
096070023 645
096070024 650
096090001 1193
096090003 1532
096090005 966
096090006 681
096090007 1170
096090008 1168
096090010 1252
096090011 1105
096090014 839
096090015 665
096090017 1437
096090018 693
096090019 1123
096090020 960
096090021 1186
096090023 1139
096090024 928
096090025 851
096090026 506
096090027 898
096110001 516
096110002 517
096110003 374
096110004 297
096110005 521
096110006 596
096110008 331
096110009 397
096110011 481
096110012 523
096110013 290
096110014 451
096110015 567
096110016 591
096110017 623
096110018 355
096110019 495
096110021 500
096110022 434
096110023 513
096130001 325
096130002 461
096130003 469
096130004 422
096130005 628
096130006 296
096130007 438
096130008 373
096130009 554
096130010 432
096130011 391
096130012 363
096130013 506
096130014 697
096130016 447
096130017 434
096130018 478
096130019 342
096130020 446
096130021 333
096140002 560
096140003 1012
096140004 928
096140005 590
096140006 656
096140007 882
096140008 644
096140009 690
096140010 515
096140011 828
096140012 944
096140014 635
096140015 864
096140016 1009
096140017 833
096140018 767
096140019 533
096140020 727
096140021 500
096140022 828
096150003 790
096150005 1444
096150006 1344
096150007 1250
096150009 809
096150010 1097
096150011 1172
096150012 1227
096150013 966
096150016 759
096150017 926
096150018 871
096150019 904
096150020 1112
096150021 1003
096150024 1207
096150025 1329
096150026 1483
096150027 650
096150028 749
096160001 1514
096160002 1190
096160003 417
096160004 536
096160005 472
096160006 908
096160007 476
096160008 727
096160009 724
096160010 604
096160011 733
096160012 609
096160013 534
096160014 801
096160015 524
096160016 763
096160017 772
096160018 809
096160019 490
096160020 741
096190001 460
096190002 554
096190003 630
096190004 806
096190005 877
096190006 600
096190007 765
096190008 633
096190009 669
096190010 420
096190011 463
096190012 701
096190013 732
096190014 846
096190015 676
096190016 769
096190017 621
096190019 641
096190020 414
096190021 404
096240001 313
096240002 482
096240003 442
096240004 432
096240005 634
096240006 728
096240007 1128
096240008 379
096240009 552
096240010 535
096240011 415
096240012 822
096240013 335
096240014 711
096240015 832
096240016 274
096240017 587
096240019 578
096240020 327
096240021 787
096250001 382
096250002 729
096250003 392
096250004 315
096250005 488
096250007 445
096250008 354
096250009 442
096250010 461
096250011 499
096250012 495
096250013 482
096250014 658
096250015 357
096250016 470
096250017 451
096250018 508
096250020 720
096250021 743
096250023 342
096280011 706
096280012 502
096280013 997
096280014 846
096280015 864
096280016 581
096280017 868
096280018 730
096280019 508
096280020 1004
096280021 578
096280022 1176
096280023 888
096280024 1070
096280025 671
096280026 493
096280027 471
096280028 600
096280029 550
096280030 611
096300001 400
096300002 300
096300003 411
096300004 521
096300005 380
096300006 455
096300007 387
096300008 504
096300009 320
096300010 381
096300011 326
096300012 536
096300013 516
096300014 332
096300015 368
096300016 618
096300017 404
096300018 328
096300019 342
096300020 367
096340004 703
096340005 831
096340006 629
096340007 558
096340008 726
096340009 644
096340010 656
096340011 719
096340012 1021
096340013 518
096340014 769
096340015 695
096340016 698
096340017 1091
096340018 876
096340019 945
096340020 1161
096340021 787
096340022 937
096340023 772
096390001 285
096390002 395
096390003 257
096390004 308
096390005 390
096390006 300
096390007 324
096390008 374
096390009 284
096390010 530
096390011 241
096390012 331
096390013 411
096390014 304
096390015 325
096390016 421
096390017 393
096390018 420
096390019 301
096390020 473
096430002 568
096430003 763
096430004 897
096430005 1117
096430006 1310
096430007 1006
096430008 954
096430009 605
096430010 946
096430011 1012
096430012 761
096430013 1061
096430014 800
096430015 953
096430016 885
096430017 1071
096430018 807
096430019 845
096430020 914
096430021 675
096450001 326
096450002 507
096450003 749
096450004 338
096450005 611
096450006 462
096450007 576
096450008 364
096450010 663
096450011 692
096450012 546
096450013 721
096450014 741
096450015 366
096450016 673
096450017 482
096450018 419
096450019 614
096450020 700
096450021 444
096460002 741
096460003 807
096460004 641
096460005 768
096460006 1032
096460007 458
096460008 416
096460009 448
096460010 257
096460011 500
096460012 605
096460013 401
096460014 516
096460015 288
096460016 499
096460017 372
096460018 287
096460019 335
096460020 492
096460021 343
096490001 638
096490002 876
096490003 742
096490004 708
096490005 1000
096490006 448
096490007 812
096490008 603
096490009 608
096490010 442
096490011 782
096490012 484
096490013 392
096490014 526
096490015 582
096490016 594
096490017 376
096490018 325
096490019 463
096490020 395
